hamstrings.Y0 	0.0051950625	0.010886874	0.005296703	
hamstrings.DT0	0.19078686	0.1864164	0.0035346837	
hamstrings.Y1 	0.94347024	0.91307419	0.010797683	
glut_max.Y0   	0.024723684	0.018883971	0.0039148797	
glut_max.DT0  	0.24464285	0.2358279	0.0050075064	
glut_max.Y1   	0.97890269	0.98517768	0.0040778822	
iliopsoas.Y0  	0.0066783791	0.012623975	0.004819185	
iliopsoas.DT0 	0.70254852	0.69212857	0.005326069	
iliopsoas.Y1  	0.83832297	0.81198513	0.013403978	
vasti.Y0      	0.29595037	0.29534381	0.0046717293	
vasti.DT0     	0.15126365	0.14853173	0.0027194135	
vasti.Y1      	0.9903824	0.99089556	0.0027131883	
gastroc.Y0    	0.0077245455	0.0085329287	0.0030810057	
gastroc.DT0   	0.45761394	0.44487673	0.0081225353	
gastroc.Y1    	0.99590134	0.99309589	0.00327454	
soleus.Y0     	0.010904857	0.0064005759	0.0033093101	
soleus.DT0    	0.45259662	0.43404328	0.0083490018	
soleus.Y1     	0.99360871	0.99309758	0.0028421795	
tib_ant.Y0    	0.84158934	0.83144714	0.013326905	
tib_ant.DT0   	0.23190309	0.22207419	0.0055019441	
tib_ant.Y1    	0.0016837418	0.0069020344	0.002320817	
