pelvis_tilt.offset  	-0.062526977	-0.062510264	0.00031423422	
hip_flexion_r.offset	-0.039073174	-0.038826539	0.0014052174	
knee_angle_r.offset 	0.11278165	0.11228611	0.0021393509	
ankle_angle_r.offset	0.17665685	0.17456201	0.0045081968	
hip_flexion_l.offset	-0.01231044	-0.0099255377	0.0013271688	
knee_angle_l.offset 	0.23484582	0.23569739	0.0039056122	
ankle_angle_l.offset	-0.067392561	-0.066399826	0.0013866636	
N1_0.hamstrings.F.m 	0.24325715	0.24332859	0.0017095237	
N1_0.glut_max.F.m   	0.88780362	0.88744813	0.0016629347	
N1_0.iliopsoas.F.m  	0.040836705	0.040762188	0.0017277738	
N1_0.vasti.F.m      	0.28291533	0.28395851	0.0017447671	
N1_0.gastroc.F.m    	0.63973773	0.64303958	0.0018950587	
N1_0.soleus.F.m     	0.2370389	0.23351635	0.0018370284	
N1_0.tib_ant.F.m    	0.14035381	0.1421271	0.0017487122	
N1_0.hamstrings.L.m 	-0.46702561	-0.46976499	0.0017060268	
N1_0.glut_max.L.m   	0.61501669	0.61562765	0.0017506076	
N1_0.iliopsoas.L.m  	-0.13038428	-0.12890326	0.0017210748	
N1_0.vasti.L.m      	-0.47183514	-0.47403994	0.0017945288	
N1_0.gastroc.L.m    	-0.8423265	-0.84518639	0.0017313603	
N1_0.soleus.L.m     	0.75547015	0.7535229	0.0017127525	
N1_0.tib_ant.L.m    	0.68838287	0.68709875	0.0017327742	
N1_1.hamstrings.F.m 	0.96494225	0.96468848	0.0017653543	
N1_1.glut_max.F.m   	0.99661602	0.9960919	0.0017547809	
N1_1.iliopsoas.F.m  	0.79138816	0.79385168	0.0017684323	
N1_1.vasti.F.m      	0.41527323	0.41751077	0.0017015657	
N1_1.gastroc.F.m    	0.98817428	0.9886121	0.0016752583	
N1_1.soleus.F.m     	0.49824112	0.49978133	0.0017438961	
N1_1.tib_ant.F.m    	0.31398557	0.31270734	0.0017549776	
N1_1.hamstrings.L.m 	-0.99970887	-0.99972964	0.0017673458	
N1_1.glut_max.L.m   	-0.59594785	-0.5963778	0.0017375894	
N1_1.iliopsoas.L.m  	0.038179979	0.040227744	0.0017908145	
N1_1.vasti.L.m      	0.74231367	0.74222376	0.0016762349	
N1_1.gastroc.L.m    	-0.42911775	-0.42886356	0.0017564428	
N1_1.soleus.L.m     	-0.39159721	-0.39198578	0.001755513	
N1_1.tib_ant.L.m    	0.90282891	0.90077935	0.0017459556	
N2_0.C0             	0.17738197	0.17743496	0.00016810621	
N2_0.N1_0           	0.51898882	0.5195719	0.0018434561	
N2_0.pelvis_tilt.DP 	0.56597912	0.57114006	0.0016693661	
N2_0.pelvis_tilt.DV 	0.19650591	0.19929299	0.0013158285	
N2_1.C0             	-0.07783263	-0.077803587	0.0001693025	
N2_1.N1_1           	0.16277338	0.16177047	0.0017028317	
N2_1.pelvis_tilt.DP 	1.6831974	1.683244	0.0018005774	
N2_1.pelvis_tilt.DV 	-0.059312641	-0.061227886	0.0016275709	
hamstrings.F        	0.21980009	0.22152772	0.001631589	
glut_max.F          	1.4438413	1.4425349	0.0017634123	
iliopsoas.F         	0.2948611	0.29561384	0.0013129872	
vasti.F             	-0.35356355	-0.3538878	0.0017493947	
gastroc.F           	4.9815704	4.9824323	0.0020504646	
soleus.F            	1.7938722	1.795087	0.0015226022	
tib_ant.F           	0.13298115	0.13420509	0.0017678504	
hamstrings.L        	1.1125778	1.1126671	0.00174611	
glut_max.L          	1.3957332	1.3972368	0.0017097639	
iliopsoas.L         	0.80793179	0.80823899	0.0016963838	
vasti.L             	0.94866393	0.94739761	0.0017061218	
gastroc.L           	2.0830166	2.0845558	0.0020186645	
soleus.L            	0.43718892	0.43759167	0.0017478567	
tib_ant.L           	0.85116182	0.85083606	0.0016982568	
hamstrings.iliopsoas.F	-0.16207565	-0.16304692	0.0017525565	
hamstrings.vasti.F  	2.1864335	2.1838496	0.0018178695	
glut_max.iliopsoas.F	-0.88540797	-0.88537445	0.0017180357	
iliopsoas.hamstrings.F	0.40144097	0.40205563	0.0016721047	
iliopsoas.glut_max.F	0.93588186	0.93865326	0.001863114	
vasti.hamstrings.F  	0.14114699	0.1381652	0.0017115669	
vasti.gastroc.F     	-1.1058947	-1.1056552	0.001710897	
gastroc.vasti.F     	0.45942268	0.45823557	0.0017109941	
gastroc.tib_ant.F   	-1.0402886	-1.0397814	0.0017394856	
soleus.tib_ant.F    	-0.36955748	-0.36990147	0.0018313302	
tib_ant.gastroc.F   	-0.32304664	-0.32162564	0.0017800881	
tib_ant.soleus.F    	-0.91611609	-0.91523433	0.001799993	
hamstrings.iliopsoas.L	0.10727774	0.10711653	0.0015575661	
hamstrings.vasti.L  	-0.33840769	-0.33991133	0.0014655017	
glut_max.iliopsoas.L	2.5628997	2.5607003	0.0017556528	
iliopsoas.hamstrings.L	-1.1901983	-1.1885088	0.0016101005	
iliopsoas.glut_max.L	0.18030591	0.18089711	0.0012610057	
vasti.hamstrings.L  	-0.83615128	-0.83574216	0.001746961	
vasti.gastroc.L     	1.9444472	1.9453777	0.0018066589	
gastroc.vasti.L     	0.35870763	0.3575336	0.0016282486	
gastroc.tib_ant.L   	-0.27462646	-0.27204704	0.0017063858	
soleus.tib_ant.L    	-0.01130467	-0.0096164138	0.0014234657	
tib_ant.gastroc.L   	-0.10806864	-0.11168276	0.0014733238	
tib_ant.soleus.L    	0.054411021	0.057084234	0.0015135364	
hamstrings.N2_0     	-0.18263944	-0.18706863	0.0016862937	
hamstrings.N2_1     	-0.88572934	-0.88709969	0.0017349635	
glut_max.N2_0       	0.96023777	0.9646542	0.0017115666	
glut_max.N2_1       	1.9237062	1.9221679	0.0017273597	
iliopsoas.N2_0      	0.14135411	0.14234993	0.0017280905	
iliopsoas.N2_1      	0.5517384	0.55351649	0.0017308834	
vasti.N2_0          	-0.25456291	-0.25234701	0.0016756647	
vasti.N2_1          	1.2516071	1.2484988	0.0017330569	
gastroc.N2_0        	-0.72194789	-0.72038926	0.0018143218	
gastroc.N2_1        	-0.60035719	-0.59884398	0.0017966134	
soleus.N2_0         	0.18604481	0.18620861	0.0016072062	
soleus.N2_1         	0.031680555	0.028619891	0.0017320303	
tib_ant.N2_0        	1.1234175	1.1188434	0.0016793433	
tib_ant.N2_1        	-2.8553805	-2.8572785	0.001788972	
