pelvis_tilt.offset  	-0.062526977	-0.062510264	0.00031423422	
hip_flexion_r.offset	-0.039073174	-0.038826539	0.0014052174	
knee_angle_r.offset 	0.11278165	0.11228611	0.0021393509	
ankle_angle_r.offset	0.17665685	0.17456201	0.0045081968	
hip_flexion_l.offset	-0.01231044	-0.0099255377	0.0013271688	
knee_angle_l.offset 	0.23484582	0.23569739	0.0039056122	
ankle_angle_l.offset	-0.067392561	-0.066399826	0.0013866636	
VES-_0.C0           	0.39911187	0.39936804	0.0014091438	
VES-_0.pelvis_tilt.DV	-0.22164148	-0.22237	0.0011992668	
VES+_0.C0           	0.48471149	0.48345268	0.001328953	
VES+_0.pelvis_tilt.DV	0.38934124	0.38854599	0.0008753668	
hamstrings.C0       	0.01125201	0.011358969	0.00018653145	
glut_max.C0         	0.021542215	0.021644696	0.00025915081	
iliopsoas.C0        	-0.048830862	-0.048814813	0.00023567668	
vasti.C0            	-0.074691112	-0.074319288	0.00019952973	
gastroc.C0          	0.10088693	0.10079105	0.00025369434	
soleus.C0           	0.0062126689	0.0061507044	0.0001847534	
tib_ant.C0          	0.028588985	0.028893403	0.00025130458	
hamstrings.F        	-0.10994844	-0.11039784	0.0004799239	
glut_max.F          	0.24030021	0.24065632	0.00032586836	
iliopsoas.F         	0.41940514	0.41967924	0.00018038018	
vasti.F             	0.26300593	0.263363	0.00050609084	
gastroc.F           	6.3883354	6.3881306	0.00062440563	
soleus.F            	1.3290729	1.3293838	0.00029565719	
tib_ant.F           	0.32998249	0.32970201	0.00040007968	
hamstrings.L        	1.8436365	1.8435923	0.0003967248	
glut_max.L          	-0.00041762516	-7.006356e-05	0.00037714929	
iliopsoas.L         	0.40621894	0.40563765	0.00026618105	
vasti.L             	-0.18990035	-0.18970358	0.0002613663	
gastroc.L           	1.0554212	1.0555254	0.0003552174	
soleus.L            	0.69167972	0.690711	0.00053037299	
tib_ant.L           	-0.019437543	-0.020217001	0.00040341916	
hamstrings.iliopsoas.F	0.25019362	0.25010962	0.00039174823	
hamstrings.vasti.F  	3.0473016	3.0474797	0.00045669082	
glut_max.iliopsoas.F	-0.45486955	-0.45511811	0.00033849816	
iliopsoas.hamstrings.F	0.058978059	0.060048105	0.00039044729	
iliopsoas.glut_max.F	0.25173294	0.25207542	0.00038497317	
vasti.hamstrings.F  	0.078661106	0.078561551	0.00025580446	
vasti.gastroc.F     	-0.3046884	-0.3043941	0.00051510746	
gastroc.vasti.F     	0.078178743	0.07820945	0.00026955269	
gastroc.tib_ant.F   	-8.1343181	-8.1355092	0.00048177491	
soleus.tib_ant.F    	-0.22224215	-0.22212655	0.00034966054	
tib_ant.gastroc.F   	-0.11660704	-0.11581118	0.00054287248	
tib_ant.soleus.F    	-2.6527455	-2.6528742	0.00042390474	
hamstrings.iliopsoas.L	0.15673188	0.15710806	0.00034979212	
hamstrings.vasti.L  	-0.130457	-0.13025001	0.00026116776	
glut_max.iliopsoas.L	0.034309694	0.033687758	0.00032413953	
iliopsoas.hamstrings.L	-0.86390969	-0.86436991	0.00027062166	
iliopsoas.glut_max.L	0.036888221	0.036880907	0.00025593896	
vasti.hamstrings.L  	-0.029952316	-0.029462991	0.00033471436	
vasti.gastroc.L     	0.21345811	0.21323699	0.00038939661	
gastroc.vasti.L     	-0.0097829544	-0.0094219813	0.00033670772	
gastroc.tib_ant.L   	-0.09878642	-0.098838909	0.00024495751	
soleus.tib_ant.L    	-0.25224352	-0.25246689	0.00030412863	
tib_ant.gastroc.L   	-0.1932815	-0.19345607	0.00022364815	
tib_ant.soleus.L    	-0.95735149	-0.95758864	0.00029460959	
hamstrings.VES-_0   	0.19425125	0.19408061	0.0003397925	
glut_max.VES-_0     	-0.28922102	-0.28961526	0.00046445418	
iliopsoas.VES-_0    	-0.05642361	-0.056426679	0.00021751432	
vasti.VES-_0        	-0.05531393	-0.055452206	0.00028077326	
gastroc.VES-_0      	0.031744712	0.032231751	0.00046556548	
soleus.VES-_0       	-0.12218325	-0.12204292	0.00030916872	
tib_ant.VES-_0      	-0.25301924	-0.25347094	0.00044036267	
hamstrings.VES+_0   	-0.092861317	-0.092899242	0.00031347303	
glut_max.VES+_0     	0.3086716	0.30961962	0.00055117537	
iliopsoas.VES+_0    	0.16521693	0.16500753	0.00024908888	
vasti.VES+_0        	0.15279897	0.1525229	0.00028407669	
gastroc.VES+_0      	-0.11753436	-0.11813595	0.00044334122	
soleus.VES+_0       	0.12911784	0.12904051	0.00029120989	
tib_ant.VES+_0      	0.13304828	0.13302661	0.00035196572	
