pelvis_tilt.offset  	-0.065769253	-0.065772491	1.0933911e-05	
hip_flexion_r.offset	0.031760699	0.031820901	8.5322684e-05	
knee_angle_r.offset 	-0.001111973	-0.0012874053	9.3313269e-05	
ankle_angle_r.offset	0.057258928	0.057318419	9.2854102e-05	
hip_flexion_l.offset	-0.0090802349	-0.0090116763	0.00011080455	
knee_angle_l.offset 	0.14010478	0.14007912	6.448666e-05	
ankle_angle_l.offset	0.030972471	0.030941488	7.9949216e-05	
N1_0.pelvis_tilt.DV 	0.26078863	0.26086757	0.0001651617	
hamstrings.F        	-0.092658661	-0.092656406	5.0970099e-06	
glut_max.F          	0.14766529	0.14781468	0.00013641477	
iliopsoas.F         	0.69499166	0.69478711	0.00031739835	
vasti.F             	0.16006767	0.16017526	0.0001607541	
gastroc.F           	4.6811182	4.6840971	0.0025020024	
soleus.F            	1.2137068	1.2129515	0.00062929082	
tib_ant.F           	0.48438341	0.48487507	0.00030761905	
hamstrings.L        	1.7215281	1.7211901	0.0010123181	
glut_max.L          	0.007215043	0.0072545271	0.00026311971	
iliopsoas.L         	0.21163714	0.21152918	0.00015829967	
vasti.L             	-0.2587664	-0.25886405	0.00010782684	
gastroc.L           	0.34669866	0.34679011	0.00019808902	
soleus.L            	0.32404603	0.32427597	0.00015703558	
tib_ant.L           	0.050314187	0.050302992	7.940937e-05	
hamstrings.iliopsoas.F	0.20665074	0.20669087	0.0001112137	
hamstrings.vasti.F  	3.3587128	3.3583149	0.0021871965	
glut_max.iliopsoas.F	-0.33037006	-0.33028287	0.00010664825	
iliopsoas.hamstrings.F	0.3047786	0.30497381	0.00023323633	
iliopsoas.glut_max.F	0.2737138	0.27387359	0.00020578571	
vasti.hamstrings.F  	0.39485817	0.39464827	0.00023930909	
vasti.gastroc.F     	-0.27075419	-0.27083429	0.00012250042	
gastroc.vasti.F     	-0.030617078	-0.030610533	6.6805276e-05	
gastroc.tib_ant.F   	-3.8157095	-3.818417	0.0024305386	
soleus.tib_ant.F    	-0.2034708	-0.20329173	0.00019735807	
tib_ant.gastroc.F   	-0.11689636	-0.11689066	7.435505e-06	
tib_ant.soleus.F    	-1.6823365	-1.6820702	0.00081579848	
hamstrings.iliopsoas.L	0.17517855	0.17518547	0.00013658202	
hamstrings.vasti.L  	-0.14107327	-0.1410626	3.9442722e-05	
glut_max.iliopsoas.L	-0.023828017	-0.023841689	5.5765575e-05	
iliopsoas.hamstrings.L	-1.1163007	-1.1164783	0.00066816777	
iliopsoas.glut_max.L	0.22596708	0.22573941	0.0001926829	
vasti.hamstrings.L  	-0.028110434	-0.02809568	3.1829646e-05	
vasti.gastroc.L     	0.44243418	0.44268453	0.0002441252	
gastroc.vasti.L     	-0.05429057	-0.054280697	6.956758e-05	
gastroc.tib_ant.L   	-0.087035675	-0.087034439	5.9439633e-06	
soleus.tib_ant.L    	-0.22504574	-0.22510333	5.0694032e-05	
tib_ant.gastroc.L   	-0.21244255	-0.21242693	4.8152944e-05	
tib_ant.soleus.L    	-0.56788417	-0.56763159	0.00018434823	
hamstrings.N1_0     	-0.42552191	-0.42527954	0.00058404435	
glut_max.N1_0       	0.48929631	0.48916035	0.00065823641	
iliopsoas.N1_0      	0.077692322	0.078352594	0.00043818049	
vasti.N1_0          	0.69747762	0.69719934	0.00060185943	
gastroc.N1_0        	-0.075993358	-0.076729554	0.00060393618	
soleus.N1_0         	0.062973436	0.062854848	0.00039958722	
tib_ant.N1_0        	0.33856418	0.33762944	0.00066768032	
