pelvis_tilt.offset  	-0.076299918	-0.076292254	0.00010504282	
hip_flexion_r.offset	-0.064745154	-0.064820046	0.00012748518	
knee_angle_r.offset 	0.17978831	0.18083718	0.00090463023	
ankle_angle_r.offset	0.023977221	0.023773146	0.00045999136	
hip_flexion_l.offset	0.048687679	0.047977937	0.00047441178	
knee_angle_l.offset 	0.10087199	0.10004094	0.00052114652	
ankle_angle_l.offset	0.012034847	0.011626625	0.00022177736	
N1_0.width            	2.2414575	2.2330105	0.0070995672	
N1_0.hamstrings.F.m   	0.021132355	0.021156689	0.00022851255	
N1_0.glut_max.F.m     	-0.0071717055	-0.0069163632	0.00016540473	
N1_0.iliopsoas.F.m    	1.4069143	1.4141816	0.0036489476	
N1_0.vasti.F.m        	-0.060011645	-0.059919105	0.00014996753	
N1_0.gastroc.F.m      	0.31457867	0.31999353	0.0027304722	
N1_0.soleus.F.m       	0.40844207	0.40911564	0.0014177126	
N1_0.tib_ant.F.m      	0.00028221999	0.00019958755	0.00019703104	
N1_0.hamstrings.L.m   	0.22401164	0.22470055	0.0012338301	
N1_0.glut_max.L.m     	-0.027420651	-0.027820377	0.00066514308	
N1_0.iliopsoas.L.m    	0.50748719	0.5066271	0.00095111924	
N1_0.vasti.L.m        	0.24727202	0.24846987	0.0020915498	
N1_0.gastroc.L.m      	0.17289838	0.17352376	0.0017309108	
N1_0.soleus.L.m       	0.50010652	0.5018464	0.0025097057	
N1_0.tib_ant.L.m      	0.26067828	0.26048697	0.00077672602	
hamstrings.N1_0_r     	-0.048545933	-0.048171334	0.0002128176	
hamstrings.N1_0_l     	-0.46191739	-0.46227359	0.0013058473	
hamstrings.F        	0.23536047	0.23791475	0.0022913907	
hamstrings.iliopsoas.F	0.17859961	0.17766946	0.00092065722	
hamstrings.vasti.F  	1.202966	1.2012023	0.0056290898	
hamstrings.L        	1.0216978	1.0227529	0.0028848171	
hamstrings.iliopsoas.L	-0.34296404	-0.34252986	0.00099490391	
hamstrings.vasti.L  	-1.2562879	-1.2601449	0.0022681005	
hamstrings.pelvis_tilt.DP       	-0.82687304	-0.83028553	0.0030633701	
hamstrings.pelvis_tilt.DV       	-0.01711489	-0.016791391	0.00027126501	
glut_max.N1_0_r       	-0.060083021	-0.060096273	0.00010014478	
glut_max.N1_0_l       	-1.8097636	-1.8026812	0.0047517508	
glut_max.F          	1.7690993	1.7796985	0.0074735764	
glut_max.iliopsoas.F	-0.87240747	-0.86999548	0.0018539447	
glut_max.L          	-0.97145957	-0.96796544	0.0021790586	
glut_max.iliopsoas.L	-5.9907927	-6.0026673	0.0098251748	
glut_max.pelvis_tilt.DP         	-0.46751755	-0.46894148	0.001061226	
glut_max.pelvis_tilt.DV         	-0.085086891	-0.085077001	0.00019432269	
iliopsoas.N1_0_r      	0.023209882	0.023266001	0.00034247359	
iliopsoas.N1_0_l      	-0.065184323	-0.065068589	0.00034778817	
iliopsoas.hamstrings.F	0.13384001	0.1349743	0.00051840313	
iliopsoas.glut_max.F	1.3384059	1.3390576	0.0052543988	
iliopsoas.F         	0.37843936	0.38212434	0.0016159076	
iliopsoas.hamstrings.L	-1.0996141	-1.096537	0.0019663357	
iliopsoas.glut_max.L	0.28666338	0.28729598	0.00099662017	
iliopsoas.L         	1.2095765	1.2096127	0.0033374303	
iliopsoas.pelvis_tilt.DP        	-0.036563691	-0.0364356	0.00031214061	
iliopsoas.pelvis_tilt.DV        	0.089291159	0.090322075	0.00078899645	
vasti.N1_0_r          	-0.011357688	-0.011182269	0.00024704687	
vasti.N1_0_l          	-0.079022732	-0.078911755	7.3426724e-05	
vasti.hamstrings.F  	-0.22160095	-0.22086197	0.0010260933	
vasti.F             	-0.0017489985	-0.0012071568	0.0010777941	
vasti.gastroc.F     	-0.23435705	-0.2334749	0.00054686871	
vasti.hamstrings.L  	0.21772018	0.21795891	0.0013376864	
vasti.L             	-0.16443808	-0.16471428	0.00067407983	
vasti.gastroc.L     	0.089906661	0.091390326	0.0012020108	
vasti.pelvis_tilt.DP            	0.011906442	0.012379137	0.00054538078	
vasti.pelvis_tilt.DV            	0.087677537	0.086990978	0.00074895034	
gastroc.N1_0_r        	-0.46569139	-0.46103072	0.0035645065	
gastroc.N1_0_l        	4.4676388	4.4628381	0.010446854	
gastroc.vasti.F     	0.54073879	0.54453159	0.0033537842	
gastroc.F           	5.2713914	5.2797612	0.017773621	
gastroc.tib_ant.F   	-2.8264568	-2.8283869	0.0061107473	
gastroc.vasti.L     	-0.1703631	-0.1701568	0.0006642865	
gastroc.L           	-0.093254969	-0.093276265	5.8358661e-05	
gastroc.tib_ant.L   	-4.7290116	-4.7253337	0.0089431782	
gastroc.pelvis_tilt.DP          	-0.1430315	-0.14304187	5.8883366e-05	
gastroc.pelvis_tilt.DV          	0.4461547	0.44215719	0.0017982817	
soleus.N1_0_r         	-0.095422069	-0.095420556	1.292895e-05	
soleus.N1_0_l         	-0.079877419	-0.079859759	0.00010780143	
soleus.F            	0.0049682017	0.007505876	0.0029976532	
soleus.tib_ant.F    	-0.90017106	-0.90460775	0.00266158	
soleus.L            	0.80839005	0.80894917	0.0019050966	
soleus.tib_ant.L    	-0.064670754	-0.064498507	0.00012094843	
soleus.pelvis_tilt.DP           	1.0866755	1.0833615	0.0026045779	
soleus.pelvis_tilt.DV           	0.22562124	0.2257839	0.00084417841	
tib_ant.N1_0_r        	0.091323624	0.090226939	0.00080572735	
tib_ant.N1_0_l        	-0.88594906	-0.885149	0.0012928203	
tib_ant.gastroc.F   	-0.19842636	-0.19792441	0.00039800077	
tib_ant.soleus.F    	-0.68867317	-0.68976884	0.0011547093	
tib_ant.F           	0.15213111	0.15430449	0.001093025	
tib_ant.gastroc.L   	-0.14290903	-0.14406326	0.001159571	
tib_ant.soleus.L    	0.71460388	0.71261283	0.0021556874	
tib_ant.L           	0.67393787	0.6745937	0.0031762857	
tib_ant.pelvis_tilt.DP          	0.31790189	0.31903749	0.0014251777	
tib_ant.pelvis_tilt.DV          	0.23593594	0.23597009	0.0011023128	
