N0.hamstrings_r.L   	0.10005814	0.097217329	0.0078761388	
N0.glut_max_r.L     	0.40234019	0.41484105	0.0077978702	
N0.iliopsoas_r.L    	0.23666433	0.23168414	0.0078537462	
N0.vasti_r.L        	-0.71640328	-0.71504883	0.0077620856	
N0.gastroc_r.L      	-0.3885121	-0.39062496	0.007762118	
N0.soleus_r.L       	0.0025341533	0.0072393908	0.0077109968	
N0.tib_ant_r.L      	0.01637918	0.015125244	0.0078912501	
N0.hamstrings_l.L   	0.52612693	0.51885664	0.0080555792	
N0.glut_max_l.L     	-0.6591706	-0.66776958	0.0079746826	
N0.iliopsoas_l.L    	0.21732776	0.21277768	0.0080701021	
N0.vasti_l.L        	-0.21076368	-0.20941568	0.0078382081	
N0.gastroc_l.L      	0.22034872	0.21512285	0.0078071005	
N0.soleus_l.L       	-0.93760473	-0.93482744	0.0076907668	
N0.tib_ant_l.L      	-0.064243646	-0.071949012	0.0077086347	
N0.hamstrings_r.F   	-0.75642688	-0.74345064	0.0077650607	
N0.glut_max_r.F     	1.2903532	1.30557	0.007802103	
N0.iliopsoas_r.F    	0.091629523	0.092511387	0.007746982	
N0.vasti_r.F        	0.44227719	0.45300718	0.0076481444	
N0.gastroc_r.F      	0.32087768	0.3019513	0.0076836627	
N0.soleus_r.F       	-0.3875759	-0.38660351	0.007852142	
N0.tib_ant_r.F      	0.080214779	0.087543234	0.0076668861	
N0.hamstrings_l.F   	0.57271136	0.58014757	0.0077015041	
N0.glut_max_l.F     	-0.60640811	-0.60680829	0.0077510515	
N0.iliopsoas_l.F    	-0.076211098	-0.087736376	0.0076259202	
N0.vasti_l.F        	1.0177989	1.0177347	0.0079960147	
N0.gastroc_l.F      	0.45107616	0.45185237	0.0075768247	
N0.soleus_l.F       	0.10837778	0.12023877	0.0076591589	
N0.tib_ant_l.F      	-0.55893385	-0.55515563	0.0078139472	
N0.pelvis_tilt.DP   	0.55467281	0.5496455	0.0078563172	
N0.pelvis_tilt.DV   	-0.82212942	-0.82855786	0.0077620285	
N1.hamstrings_r.L   	0.84182775	0.83891995	0.0076555054	
N1.glut_max_r.L     	0.78618018	0.79037486	0.0078437838	
N1.iliopsoas_r.L    	-0.65595472	-0.66980276	0.0078103343	
N1.vasti_r.L        	-0.15862436	-0.15621174	0.0077557948	
N1.gastroc_r.L      	-0.13683409	-0.14183605	0.0077587029	
N1.soleus_r.L       	-0.051691643	-0.03350774	0.0078549097	
N1.tib_ant_r.L      	0.31115911	0.29714944	0.0078392608	
N1.hamstrings_l.L   	-0.077003436	-0.071819693	0.0077609713	
N1.glut_max_l.L     	0.35792169	0.35997657	0.0078039687	
N1.iliopsoas_l.L    	-0.57724098	-0.57407148	0.007603018	
N1.vasti_l.L        	-0.06003006	-0.072107704	0.0077446731	
N1.gastroc_l.L      	0.78549022	0.78424813	0.0078575744	
N1.soleus_l.L       	-1.1218887	-1.1294749	0.0076615159	
N1.tib_ant_l.L      	0.0091274879	0.010351189	0.0076835337	
N1.hamstrings_r.F   	0.22090156	0.23402278	0.007743429	
N1.glut_max_r.F     	-0.52622946	-0.52127964	0.0080134071	
N1.iliopsoas_r.F    	1.0804791	1.0874043	0.0076734063	
N1.vasti_r.F        	-0.94206263	-0.94976206	0.0078273618	
N1.gastroc_r.F      	0.70797469	0.71928826	0.0075919218	
N1.soleus_r.F       	-0.15840403	-0.14013481	0.0078144251	
N1.tib_ant_r.F      	-0.50931054	-0.50761195	0.0076591543	
N1.hamstrings_l.F   	-0.040285209	-0.045748272	0.0077074392	
N1.glut_max_l.F     	1.1101234	1.1063288	0.0078604272	
N1.iliopsoas_l.F    	0.67184439	0.67286941	0.0076555228	
N1.vasti_l.F        	0.41470082	0.4198494	0.0075753819	
N1.gastroc_l.F      	-0.43545802	-0.43723261	0.007698642	
N1.soleus_l.F       	0.16335665	0.16605548	0.0077104085	
N1.tib_ant_l.F      	-0.29437291	-0.29643412	0.0077783057	
N1.pelvis_tilt.DP   	0.059451582	0.06036149	0.0077225604	
N1.pelvis_tilt.DV   	0.14326636	0.14821289	0.0077146865	
N2.hamstrings_r.L   	0.043570981	0.043407348	0.0077475512	
N2.glut_max_r.L     	-0.71420315	-0.70810746	0.0077954745	
N2.iliopsoas_r.L    	-0.3487878	-0.34335172	0.0077236048	
N2.vasti_r.L        	-1.0475001	-1.0417258	0.0077934638	
N2.gastroc_r.L      	0.43421878	0.42777143	0.0078433721	
N2.soleus_r.L       	0.11435898	0.10216913	0.0077879983	
N2.tib_ant_r.L      	0.060450415	0.049904061	0.007801168	
N2.hamstrings_l.L   	-0.34643498	-0.34491387	0.0078623931	
N2.glut_max_l.L     	-0.27665242	-0.27694274	0.0078318115	
N2.iliopsoas_l.L    	-0.53669217	-0.53806155	0.0077962451	
N2.vasti_l.L        	0.41247404	0.42294746	0.0078073695	
N2.gastroc_l.L      	-0.75979446	-0.75777805	0.0076464393	
N2.soleus_l.L       	0.63757299	0.64717151	0.0077745512	
N2.tib_ant_l.L      	-0.45459382	-0.44664694	0.0078022046	
N2.hamstrings_r.F   	0.95319823	0.94928752	0.0079233919	
N2.glut_max_r.F     	-1.0838445	-1.0840347	0.00769722	
N2.iliopsoas_r.F    	-0.56152889	-0.57521785	0.0076085132	
N2.vasti_r.F        	0.4556865	0.45201461	0.0075984564	
N2.gastroc_r.F      	1.1139057	1.1140952	0.0074450477	
N2.soleus_r.F       	-0.17080968	-0.16182681	0.0077879818	
N2.tib_ant_r.F      	-0.68838108	-0.67975844	0.0078123563	
N2.hamstrings_l.F   	0.024906635	0.020250278	0.0077189372	
N2.glut_max_l.F     	-0.92493675	-0.92062098	0.007744696	
N2.iliopsoas_l.F    	-0.29917217	-0.29652186	0.0078303705	
N2.vasti_l.F        	0.01472182	-0.0014511048	0.0076830068	
N2.gastroc_l.F      	0.016104664	0.0037517022	0.0077482469	
N2.soleus_l.F       	-0.30261295	-0.31059663	0.0076933226	
N2.tib_ant_l.F      	0.0034705807	0.0026957593	0.0078420842	
N2.pelvis_tilt.DP   	0.49938511	0.49754474	0.0076912242	
N2.pelvis_tilt.DV   	0.080574409	0.074263673	0.0077545801	
hamstrings.N0_r     	0.35882334	0.35900521	0.0076286213	
hamstrings.N1_r     	-1.1302381	-1.1273052	0.0078045569	
hamstrings.N2_r     	0.11724182	0.1217839	0.0076521886	
hamstrings.N0_l     	0.5593594	0.54998062	0.0076150093	
hamstrings.N1_l     	-0.11562368	-0.10720445	0.0076772472	
hamstrings.N2_l     	-0.94903049	-0.95247781	0.0078052192	
glut_max.N0_r       	-0.27528362	-0.27097662	0.0077096059	
glut_max.N1_r       	-0.5917392	-0.58933811	0.007655983	
glut_max.N2_r       	-0.3437455	-0.3551369	0.0076913837	
glut_max.N0_l       	0.49060657	0.49599728	0.0075732196	
glut_max.N1_l       	0.01899255	0.02065414	0.0076707595	
glut_max.N2_l       	-0.84007586	-0.84064107	0.0079621149	
iliopsoas.N0_r      	-0.0042388208	0.011530768	0.0075944747	
iliopsoas.N1_r      	0.98739864	0.97974297	0.007341786	
iliopsoas.N2_r      	-0.75127603	-0.75020053	0.0076657325	
iliopsoas.N0_l      	-0.67700237	-0.67690256	0.0076678702	
iliopsoas.N1_l      	-0.90896922	-0.91636569	0.0078072424	
iliopsoas.N2_l      	0.32952775	0.33371315	0.0076416391	
vasti.N0_r          	0.60803443	0.61868304	0.0077093726	
vasti.N1_r          	-0.98057132	-0.98086977	0.0077419912	
vasti.N2_r          	0.66939501	0.68095553	0.0076221378	
vasti.N0_l          	0.25932317	0.25259808	0.0074942724	
vasti.N1_l          	0.25048135	0.24607675	0.0073889889	
vasti.N2_l          	-1.183054	-1.1893094	0.007891655	
gastroc.N0_r        	-0.29254506	-0.29537533	0.0076712808	
gastroc.N1_r        	0.67648995	0.66926612	0.0075859107	
gastroc.N2_r        	0.7408516	0.74094607	0.0076407249	
gastroc.N0_l        	0.19607368	0.19736786	0.0075557741	
gastroc.N1_l        	-0.41665501	-0.41486578	0.007634463	
gastroc.N2_l        	-0.92455885	-0.91867034	0.0078903484	
soleus.N0_r         	-0.17484932	-0.17063793	0.0075739381	
soleus.N1_r         	0.083385903	0.089138945	0.0069828601	
soleus.N2_r         	0.11979792	0.11051348	0.0073487899	
soleus.N0_l         	0.19152601	0.18911149	0.0074503481	
soleus.N1_l         	-0.051825314	-0.055848626	0.0075704679	
soleus.N2_l         	-1.3863519	-1.3679525	0.0078617071	
tib_ant.N0_r        	0.59645792	0.59132095	0.0076091927	
tib_ant.N1_r        	-0.081572243	-0.073929711	0.0076275222	
tib_ant.N2_r        	-0.07933726	-0.069113222	0.0077743896	
tib_ant.N0_l        	-0.46063371	-0.4563167	0.0080004635	
tib_ant.N1_l        	0.043487035	0.042392328	0.0074507414	
tib_ant.N2_l        	-0.016550617	-0.018788642	0.0076125975	
