VES_0.pelvis_tilt.DV 	0.20542269	0.2053834	0.0002458504	
hamstrings.F        	-0.093823683	-0.093825854	3.4607361e-06	
hamstrings.L        	2.3322933	2.3305515	0.0013485811	
hamstrings.iliopsoas.F	0.42594321	0.42545548	0.00030055319	
hamstrings.vasti.F  	5.1297041	5.1272906	0.0031733435	
hamstrings.iliopsoas.L	0.32405314	0.32344867	0.00046992154	
hamstrings.vasti.L  	-0.13218217	-0.13219395	2.8791992e-05	
hamstrings.VES_0     	-0.66337401	-0.66342	0.00024766235	
glut_max.F          	0.058987152	0.059082254	7.4990477e-05	
glut_max.L          	-0.014825156	-0.01482294	5.4963625e-05	
glut_max.iliopsoas.F	-0.44101204	-0.44120485	0.00019498189	
glut_max.iliopsoas.L	-0.060576955	-0.060674738	0.00011652222	
glut_max.VES_0       	0.80126002	0.80224597	0.0005272869	
iliopsoas.F         	0.44270771	0.44240737	0.00024762455	
iliopsoas.L         	0.67999334	0.6800335	0.00060170582	
iliopsoas.hamstrings.F	0.053679435	0.053485145	0.00038737579	
iliopsoas.glut_max.F	0.28305702	0.28356181	0.00026250129	
iliopsoas.hamstrings.L	-0.90337064	-0.90327689	0.00055352965	
iliopsoas.glut_max.L	0.11844101	0.11835628	0.00014884162	
iliopsoas.VES_0      	0.1630202	0.16305812	0.00015553548	
vasti.F             	0.34990369	0.3498383	0.00029830462	
vasti.L             	-0.13155259	-0.13155589	3.6957649e-05	
vasti.hamstrings.F  	-0.032455599	-0.032414489	9.4309433e-05	
vasti.gastroc.F     	-0.46059606	-0.46057309	0.0001837552	
vasti.hamstrings.L  	-0.056178034	-0.056168641	2.70192e-05	
vasti.gastroc.L     	0.21203398	0.21185559	0.00027702785	
vasti.VES_0          	0.13514884	0.13492414	0.00022491807	
gastroc.F           	2.7248714	2.7231364	0.0016545012	
gastroc.L           	0.81584593	0.81584547	0.00092364965	
gastroc.vasti.F     	-0.016132296	-0.016078827	0.00011229559	
gastroc.tib_ant.F   	-5.0907367	-5.0876262	0.0036463085	
gastroc.vasti.L     	-0.08983603	-0.08984117	1.3380335e-05	
gastroc.tib_ant.L   	-0.084616404	-0.084608922	9.9766574e-06	
gastroc.VES_0        	-0.098796498	-0.098796633	8.6733644e-07	
soleus.F            	1.9913961	1.9905942	0.00080694379	
soleus.L            	0.64668169	0.64615219	0.00044314297	
soleus.tib_ant.F    	-0.37642239	-0.37640731	0.00013425433	
soleus.tib_ant.L    	-0.13159497	-0.13169586	5.3254299e-05	
soleus.VES_0         	0.26924502	0.26922834	0.00016510055	
tib_ant.F           	0.24611544	0.24613886	0.00042082685	
tib_ant.L           	0.12570808	0.12573609	0.00011726766	
tib_ant.gastroc.F   	-0.1145803	-0.11458268	1.1284901e-05	
tib_ant.soleus.F    	-5.0064884	-5.0049192	0.0024174154	
tib_ant.gastroc.L   	-0.30751377	-0.30762308	8.551601e-05	
tib_ant.soleus.L    	-0.35707463	-0.35719512	0.00021132698	
tib_ant.VES_0        	0.61227587	0.61122219	0.00073729477	
