pelvis_tilt.offset                 	   -0.03097812	   -0.02958378	    0.00179724
hip_flexion_r.offset               	   -0.11916105	   -0.11654449	    0.00164885
knee_angle_r.offset                	    0.03539845	    0.03815985	    0.00252103
ankle_angle_r.offset               	    0.00760187	    0.00618893	    0.00212407
hip_flexion_l.offset               	   -0.03044967	   -0.02774524	    0.00187867
knee_angle_l.offset                	    0.11168650	    0.10834941	    0.00220619
ankle_angle_l.offset               	    0.06615576	    0.05854285	    0.00273541
stance_load_threshold              	    0.03047984	    0.03049110	    0.00141550
swing_load_threshold               	    0.01745870	    0.01759460	    0.00010563
S11111.tib_ant.KL                  	    3.95227463	    3.92736914	    0.07890685
S11111.tib_ant.L0                  	    0.59826234	    0.59376183	    0.00980016
S11111.tib_ant-soleus.KF           	   -0.16032927	   -0.15193928	    0.01008818
S00011.soleus.KF                   	    0.63129006	    0.68223273	    0.03313638
S00011.soleus.C0                   	    0.00802207	    0.00837965	    0.00026809
S00011.gastroc.KF                  	    0.13628081	    0.11988538	    0.02442632
S00011.gastroc.C0                  	    0.00593683	    0.00600550	    0.00023190
S00100.soleus.KF                   	    0.60384876	    0.60662970	    0.02365554
S00100.soleus.C0                   	    0.01760410	    0.01794504	    0.00014512
S00100.gastroc.KF                  	    1.50857468	    1.48454499	    0.01614477
S00100.gastroc.C0                  	    0.01587283	    0.01601852	    0.00024833
S00011.vasti.KF                    	    1.34380728	    1.32574745	    0.01916704
S00011.vasti.C0                    	    0.08625203	    0.08481798	    0.00094421
S00011.vasti-knee_angle.pos_max    	   -4.11998691	   -3.69410520	    0.31089222
S00011.hamstrings-pelvis_tilt.KP   	    1.00620461	    0.98997091	    0.02246870
S00011.hamstrings-pelvis_tilt.KV   	    0.19538163	    0.19927197	    0.00440436
S00011.hamstrings-pelvis_tilt.C0   	    0.15746890	    0.15760217	    0.00109738
S00011.glut_max-pelvis_tilt.KP     	    0.50089618	    0.51714245	    0.01995000
S00011.glut_max-pelvis_tilt.KV     	    0.40603989	    0.40211341	    0.00462564
S00011.glut_max-pelvis_tilt.C0     	    0.02308954	    0.01885267	    0.00195404
S00011.iliopsoas-pelvis_tilt.KP    	   -4.52265535	   -4.48077855	    0.05119693
S00011.iliopsoas-pelvis_tilt.KV    	   -0.86814156	   -0.87845747	    0.01090366
S00011.iliopsoas-pelvis_tilt.C0    	    0.09266608	    0.09274170	    0.00147266
S00100.hamstrings-pelvis_tilt.KP   	    1.05657913	    1.07872924	    0.01927978
S00100.hamstrings-pelvis_tilt.KV   	    0.10104889	    0.10379791	    0.00389064
S00100.hamstrings-pelvis_tilt.C0   	    0.09049284	    0.09158757	    0.00195747
S00100.glut_max-pelvis_tilt.KP     	    1.82812549	    1.81108879	    0.01534051
S00100.glut_max-pelvis_tilt.KV     	    0.28772191	    0.29096331	    0.00412464
S00100.glut_max-pelvis_tilt.C0     	    0.04281993	    0.04349338	    0.00231868
S00100.iliopsoas-pelvis_tilt.KP    	   -4.66225540	   -4.50994677	    0.06542231
S00100.iliopsoas-pelvis_tilt.KV    	   -0.54295319	   -0.53439720	    0.01190947
S00100.iliopsoas-pelvis_tilt.C0    	    0.08649575	    0.08817576	    0.00234117
S11100.iliopsoas.KL                	    0.37668998	    0.38053340	    0.00975525
S11100.iliopsoas.L0                	    0.54698315	    0.52254751	    0.01757200
S11100.iliopsoas-pelvis_tilt.KP    	    1.40679452	    1.42028546	    0.01898996
S11100.iliopsoas-pelvis_tilt.KV    	    0.81970285	    0.83111237	    0.01085257
S11100.iliopsoas-hamstrings.KL     	   -5.32507395	   -5.15972976	    0.06327830
S11100.iliopsoas-hamstrings.L0     	    1.16999653	    1.18728193	    0.01329367
S11100.hamstrings.KF               	    0.09313440	    0.10678966	    0.01623994
S11100.hamstrings.C0               	    0.03532471	    0.03527171	    0.00174225
S11100.glut_max.KF                 	    0.08857899	    0.10071873	    0.01012933
S11100.glut_max.C0                 	    0.02627232	    0.02786026	    0.00212103
