pelvis_tilt.offset  	-0.084796206	-0.084572274	0.00032108687	
hip_flexion_r.offset	-0.042856653	-0.042300022	0.0011126766	
knee_angle_r.offset 	0.043469424	0.043875059	0.0014926985	
ankle_angle_r.offset	0.3925185	0.40009005	0.0048047405	
hip_flexion_l.offset	0.10838678	0.1099358	0.0014100907	
knee_angle_l.offset 	0.1100458	0.10961338	0.0040795759	
ankle_angle_l.offset	-0.034640728	-0.032412493	0.0013421129	
VES_0.pelvis_tilt.DV	0.26928609	0.26830143	0.0048376359	
hamstrings.F        	-0.09298038	-0.092917771	5.9965702e-05	
hamstrings.L        	1.6399683	1.6286403	0.026239391	
hamstrings.iliopsoas.F	0.19842015	0.19056516	0.004283048	
hamstrings.rect_fem.F	0.24283034	0.2416029	0.012440497	
hamstrings.vasti.F  	2.0591567	2.0781925	0.063646753	
hamstrings.iliopsoas.L	0.9271945	0.92064658	0.0076126807	
hamstrings.rect_fem.L	-0.77221976	-0.78994054	0.011997597	
hamstrings.vasti.L  	-0.11928571	-0.11909773	0.00045331114	
hamstrings.VES_0    	-0.45863454	-0.46225125	0.0037853691	
bifemsh.F           	-0.12876918	-0.12031034	0.012160054	
bifemsh.L           	-0.072742627	-0.077492934	0.01224253	
bifemsh.rect_fem.F  	0.037552201	0.042198694	0.012807925	
bifemsh.vasti.F     	-0.13963641	-0.15574093	0.012693918	
bifemsh.rect_fem.L  	0.5719994	0.56886634	0.012318637	
bifemsh.vasti.L     	0.87293993	0.86095085	0.012638125	
bifemsh.VES_0       	0.77919861	0.77310699	0.012325175	
glut_max.F          	0.029739817	0.030476227	0.0011500954	
glut_max.L          	0.056777364	0.056582303	0.0010140543	
glut_max.iliopsoas.F	-0.40098901	-0.40002581	0.0030397809	
glut_max.rect_fem.F 	0.34357865	0.33375084	0.012709328	
glut_max.iliopsoas.L	0.20102328	0.19980656	0.0017902347	
glut_max.rect_fem.L 	0.28166794	0.28113188	0.011746367	
glut_max.VES_0      	0.36530693	0.38666869	0.0096101058	
iliopsoas.F         	0.40525285	0.40177315	0.0047538577	
iliopsoas.L         	0.934537	0.9337585	0.0099604343	
iliopsoas.hamstrings.F	0.013182598	0.020056254	0.0068489182	
iliopsoas.glut_max.F	0.015306857	0.016180891	0.0040065775	
iliopsoas.hamstrings.L	-0.85181085	-0.86575849	0.012443997	
iliopsoas.glut_max.L	0.0092436451	0.0089001284	0.0025197378	
iliopsoas.VES_0     	0.037450423	0.042702539	0.0026056403	
rect_fem.F          	-0.39125762	-0.39825775	0.012546431	
rect_fem.L          	-0.28611349	-0.27862597	0.012301058	
rect_fem.hamstrings.F	-0.25516596	-0.27720971	0.012426869	
rect_fem.bifemsh.F  	-0.93665023	-0.92202487	0.01239531	
rect_fem.glut_max.F 	-0.65527771	-0.63716	0.012595074	
rect_fem.gastroc.F  	-0.17825499	-0.18313729	0.012501723	
rect_fem.hamstrings.L	0.24342429	0.23601216	0.01248387	
rect_fem.bifemsh.L  	-0.1138279	-0.13226074	0.012311812	
rect_fem.glut_max.L 	0.64021609	0.63549922	0.012544099	
rect_fem.gastroc.L  	0.61049136	0.60024121	0.0125016	
rect_fem.VES_0      	-0.18610809	-0.21211981	0.012468608	
vasti.F             	-0.071518383	-0.064834662	0.004742604	
vasti.L             	-0.15013277	-0.1507293	0.00059126676	
vasti.hamstrings.F  	0.11230546	0.11149867	0.0014151836	
vasti.bifemsh.F     	0.25407054	0.2565866	0.012590258	
vasti.gastroc.F     	-0.20706988	-0.20673949	0.0027596262	
vasti.hamstrings.L  	-0.061291888	-0.061033436	0.00047386967	
vasti.bifemsh.L     	-0.070356253	-0.11024519	0.012181721	
vasti.gastroc.L     	0.39155858	0.38531093	0.0044377987	
vasti.VES_0         	0.18194212	0.17929301	0.0035636122	
gastroc.F           	2.3324023	2.3845806	0.046405802	
gastroc.L           	2.6074555	2.6221858	0.014668584	
gastroc.rect_fem.F  	-0.70566669	-0.69958952	0.012541714	
gastroc.vasti.F     	-0.01686921	-0.017290183	0.0017502746	
gastroc.tib_ant.F   	-7.9483144	-7.8968628	0.066135788	
gastroc.rect_fem.L  	-0.40919264	-0.41316788	0.012147565	
gastroc.vasti.L     	-0.089876337	-0.089673708	0.00021956496	
gastroc.tib_ant.L   	-0.088640345	-0.088780183	0.00015408435	
gastroc.VES_0       	-0.098215986	-0.098217026	1.5215103e-05	
soleus.F            	1.7587317	1.7384318	0.020849878	
soleus.L            	0.99659355	0.9917259	0.0069458697	
soleus.tib_ant.F    	-0.20081082	-0.19942402	0.0022049177	
soleus.tib_ant.L    	-0.17380942	-0.17460958	0.00080715349	
soleus.VES_0        	0.33933537	0.33824835	0.0026226677	
tib_ant.F           	0.64418169	0.63875215	0.0060313629	
tib_ant.L           	0.053488366	0.052207365	0.0019087402	
tib_ant.gastroc.F   	-0.10124827	-0.10133921	0.00018972737	
tib_ant.soleus.F    	-3.0721788	-3.0685299	0.034919382	
tib_ant.gastroc.L   	-0.20741373	-0.20800614	0.0013000856	
tib_ant.soleus.L    	-0.54763468	-0.545118	0.0037316528	
tib_ant.VES_0       	0.66492121	0.66971527	0.011681925	
