N0.width            	1.1531978	1.1551976	0.0024282101	
N0.hamstrings.F.m   	-0.033854415	-0.034507105	0.00033678928	
N0.glut_max.F.m     	-0.01511968	-0.015356153	0.00033274981	
N0.iliopsoas.F.m    	0.75636951	0.75668467	0.00032090106	
N0.vasti.F.m        	0.12338072	0.1229904	0.00032517014	
N0.gastroc.F.m      	0.91560074	0.91518781	0.00042573911	
N0.soleus.F.m       	0.26598785	0.26541038	0.00033358233	
N0.tib_ant.F.m      	-0.057167826	-0.057433305	0.00031626469	
N0.hamstrings.L.m   	0.068863877	0.068972265	0.00030895335	
N0.glut_max.L.m     	0.013346926	0.013399803	0.00029643155	
N0.iliopsoas.L.m    	0.51593612	0.51592231	0.00039507088	
N0.vasti.L.m        	0.25159535	0.2513762	0.00032228276	
N0.gastroc.L.m      	0.47541267	0.47510262	0.00037871666	
N0.soleus.L.m       	0.36791006	0.36785369	0.00035200659	
N0.tib_ant.L.m      	0.23507299	0.2355981	0.0003448994	
hamstrings.N0_r     	-0.015088716	-0.021728421	0.0022368371	
hamstrings.N0_l     	-0.42059406	-0.41925075	0.0027847232	
hamstrings.F        	1.23151	1.2312495	0.0035539813	
hamstrings.iliopsoas.F	0.17260129	0.17056403	0.0029365701	
hamstrings.vasti.F  	1.3463803	1.3421755	0.0040452429	
hamstrings.L        	0.4513738	0.45468617	0.0027354287	
hamstrings.iliopsoas.L	-0.59638007	-0.59536738	0.0028824893	
hamstrings.vasti.L  	-0.46429156	-0.46263541	0.0029846669	
glut_max.N0_r       	0.40333215	0.40458297	0.0027729213	
glut_max.N0_l       	-0.84824393	-0.84598462	0.002983997	
glut_max.F          	0.71323252	0.71673389	0.0035770762	
glut_max.iliopsoas.F	-0.35002691	-0.34851722	0.003015243	
glut_max.L          	-1.4791079	-1.4778769	0.0029253371	
glut_max.iliopsoas.L	-1.1289657	-1.132725	0.0030200496	
iliopsoas.N0_r      	-0.046996776	-0.045368585	0.0026193162	
iliopsoas.N0_l      	-0.031395203	-0.033322276	0.0023343913	
iliopsoas.hamstrings.F	-0.013062439	-0.01616463	0.0028115665	
iliopsoas.glut_max.F	1.0838451	1.089578	0.0030153958	
iliopsoas.F         	0.65706401	0.65796662	0.0021349976	
iliopsoas.hamstrings.L	-1.0922111	-1.0883069	0.002372776	
iliopsoas.glut_max.L	1.0449651	1.0446595	0.0026779634	
iliopsoas.L         	0.87355103	0.87189013	0.0021148674	
vasti.N0_r          	0.019129061	0.016801341	0.0020284032	
vasti.N0_l          	-0.072917433	-0.078406347	0.002559121	
vasti.hamstrings.F  	-0.24788957	-0.24846854	0.0029416534	
vasti.F             	0.64387314	0.64688677	0.003868178	
vasti.gastroc.F     	-0.15397634	-0.15171352	0.0026610091	
vasti.hamstrings.L  	0.079199006	0.076675215	0.0025391656	
vasti.L             	-0.28559835	-0.28423754	0.0027908635	
vasti.gastroc.L     	0.32291987	0.32631572	0.0023168423	
gastroc.N0_r        	-1.3265626	-1.323541	0.0032649009	
gastroc.N0_l        	2.1781687	2.1774897	0.0035275974	
gastroc.vasti.F     	1.2566307	1.2616712	0.003516682	
gastroc.F           	2.9056891	2.8972396	0.0039024404	
gastroc.tib_ant.F   	-0.62958737	-0.63930969	0.0031194459	
gastroc.vasti.L     	0.13785128	0.14132649	0.0029914834	
gastroc.L           	-0.086557403	-0.08511645	0.0032764117	
gastroc.tib_ant.L   	-0.84737942	-0.8512193	0.0030474761	
soleus.N0_r         	0.011645148	0.011185866	0.0021245973	
soleus.N0_l         	-0.034161449	-0.034152944	0.0024975775	
soleus.F            	1.2972227	1.2994428	0.0058791148	
soleus.tib_ant.F    	-0.3550268	-0.35684728	0.0045372926	
soleus.L            	0.19380385	0.19262718	0.0022250812	
soleus.tib_ant.L    	-0.24364972	-0.24245027	0.0027362517	
tib_ant.N0_r        	-0.010765133	-0.010218954	0.0021544849	
tib_ant.N0_l        	-0.34185811	-0.34391468	0.003076418	
tib_ant.gastroc.F   	-0.1660465	-0.17157095	0.0034061319	
tib_ant.soleus.F    	-0.54171803	-0.54345132	0.0046884377	
tib_ant.F           	0.33146383	0.33632339	0.0031572574	
tib_ant.gastroc.L   	-0.29807574	-0.29724735	0.0024902995	
tib_ant.soleus.L    	0.12300163	0.12142499	0.0026337929	
tib_ant.L           	0.45970469	0.46112403	0.002355508	
