CPG.period          	1.1864772	1.1840192	0.0015882745	
CPG.t0              	0.74340869	0.74395673	0.0015144795	
CPG.w0              	0.33649229	0.33926899	0.0015136462	
hamstrings.F        	-0.1585594	-0.15715814	0.0010914869	
hamstrings.iliopsoas.F	0.16438217	0.16457322	0.0022588462	
hamstrings.vasti.F  	2.0336478	2.0321332	0.055021848	
hamstrings.L        	2.3336669	2.3424372	0.027130909	
hamstrings.iliopsoas.L	0.35624572	0.35609114	0.0040138479	
hamstrings.vasti.L  	-0.15447222	-0.15481474	0.0009047891	
hamstrings.DP       	-0.047577381	-0.047453069	0.00040842295	
hamstrings.DV       	-0.31182127	-0.31262812	0.0013600427	
hamstrings.CPG0     	0.54525214	0.54748648	0.015012345	
hamstrings.C0       	0.021141108	0.025434338	0.0015251675	
glut_max.F          	-0.017294919	-0.018110031	0.003280474	
glut_max.iliopsoas.F	-0.73120176	-0.73262442	0.0059092637	
glut_max.L          	0.11902749	0.12343158	0.0051399995	
glut_max.iliopsoas.L	-0.057922245	-0.061238	0.0014133585	
glut_max.DP         	-0.20625515	-0.20665899	0.00080015341	
glut_max.DV         	-0.069390424	-0.069721555	0.00045510973	
glut_max.CPG0       	0.77520572	0.78042605	0.015025276	
glut_max.C0         	0.096928083	0.097303806	0.0015194718	
iliopsoas.hamstrings.F	0.25743773	0.25974544	0.0056632005	
iliopsoas.glut_max.F	0.024155099	0.02417729	0.0053405922	
iliopsoas.F         	0.68488425	0.69523511	0.011393988	
iliopsoas.hamstrings.L	-1.4107054	-1.4251902	0.015814862	
iliopsoas.glut_max.L	0.30204669	0.30138448	0.0049054273	
iliopsoas.L         	0.081110066	0.077638076	0.003336148	
iliopsoas.DP        	-0.096080463	-0.096163259	0.00020384627	
iliopsoas.DV        	-0.0010274627	0.0012359624	0.0017856848	
iliopsoas.CPG0      	0.062666152	0.058525768	0.014194335	
iliopsoas.C0        	-0.015494133	-0.014360957	0.0015497735	
vasti.hamstrings.F  	0.26327311	0.27654037	0.0048957023	
vasti.F             	-0.046879014	-0.046137505	0.00085590759	
vasti.gastroc.F     	-0.30616712	-0.31041095	0.0027237521	
vasti.hamstrings.L  	-0.067411502	-0.066597882	0.0007035122	
vasti.L             	-0.13904303	-0.13903223	0.0010539231	
vasti.gastroc.L     	0.39202433	0.3908186	0.0044560928	
vasti.DP            	0.044703495	0.046013033	0.0013952113	
vasti.DV            	0.015223455	0.015301101	0.0035223984	
vasti.CPG0          	-0.16525054	-0.16828834	0.013647029	
vasti.C0            	-0.02242583	-0.020827197	0.0015553301	
gastroc.vasti.F     	-0.026661386	-0.02765026	0.0016561155	
gastroc.F           	3.6263831	3.7604438	0.068019788	
gastroc.tib_ant.F   	-2.8626639	-2.8675347	0.071078512	
gastroc.vasti.L     	-0.08543105	-0.085134208	0.00035969092	
gastroc.L           	0.20972834	0.20531588	0.0047036877	
gastroc.tib_ant.L   	-0.094600777	-0.09461254	0.0001380324	
gastroc.DP          	-0.17851261	-0.17955626	0.0011467148	
gastroc.DV          	0.13507858	0.13234139	0.0025636556	
gastroc.CPG0        	0.17134221	0.18676252	0.01444608	
gastroc.C0          	-0.056686725	-0.059343061	0.0015645024	
soleus.F            	-0.59162788	-0.61762043	0.021933059	
soleus.tib_ant.F    	-0.42105573	-0.431125	0.0047325028	
soleus.L            	0.32867573	0.32937614	0.0038770676	
soleus.tib_ant.L    	-0.22103058	-0.21918418	0.0016235306	
soleus.DP           	0.34212098	0.34523191	0.004573936	
soleus.DV           	0.049532127	0.051527478	0.0018751068	
soleus.CPG0         	0.40075719	0.40950098	0.013300111	
soleus.C0           	0.069740495	0.071090563	0.0015210678	
tib_ant.gastroc.F   	-0.14637259	-0.14591207	0.00042948634	
tib_ant.soleus.F    	-1.6659113	-1.678032	0.020754715	
tib_ant.F           	0.61108442	0.62441121	0.0073886435	
tib_ant.gastroc.L   	-0.1715041	-0.17069709	0.0014006189	
tib_ant.soleus.L    	-0.27826316	-0.2777785	0.0058305266	
tib_ant.L           	0.061713581	0.067284418	0.0020932769	
tib_ant.DP          	0.042476363	0.045284423	0.0016890849	
tib_ant.DV          	-0.0054803662	-0.0095204074	0.003092924	
tib_ant.CPG0        	-0.11506829	-0.096029125	0.014885819	
tib_ant.C0          	0.12284879	0.12274976	0.0015851465	
