pelvis_tilt.offset  	0.049917638	0.051838401	0.005768457	
hip_flexion_r.offset	-0.16660009	-0.16582534	0.0010856369	
knee_angle_r.offset 	-0.079398498	-0.079462506	0.0012026703	
ankle_angle_r.offset	0.023342259	0.03356409	0.0040371366	
hip_flexion_l.offset	-0.10742566	-0.10621604	0.0011301374	
knee_angle_l.offset 	0.49671303	0.49526437	0.012166978	
ankle_angle_l.offset	-0.044124189	-0.043894507	0.001261103	
VES_0.pelvis_tilt.DV	0.13141568	0.14298002	0.0079143228	
hamstrings.F        	27.682846	29.181326	0.63469574	
hamstrings.L        	67.879056	64.634749	1.3881572	
hamstrings.iliopsoas.F	-0.11496087	-0.11547327	0.00038738752	
hamstrings.rect_fem.F	-1.2721973	-1.2947475	0.027981716	
hamstrings.vasti.F  	5.9946667	6.4182381	0.15101875	
hamstrings.iliopsoas.L	8.9531257	8.3738684	0.29089262	
hamstrings.rect_fem.L	1.1513895	1.14883	0.029132574	
hamstrings.vasti.L  	2.4418275	2.3803746	0.045078644	
hamstrings.VES_0    	6.0340105	5.8636424	0.16021495	
bifemsh.F           	0.08671931	0.095771887	0.026924709	
bifemsh.L           	-0.33975908	-0.35971919	0.027521206	
bifemsh.rect_fem.F  	1.4406818	1.4262463	0.028540582	
bifemsh.vasti.F     	0.28051176	0.3085163	0.02775523	
bifemsh.rect_fem.L  	-0.74303514	-0.70441269	0.027999969	
bifemsh.vasti.L     	-0.26752898	-0.2815568	0.027638946	
bifemsh.VES_0       	0.32896984	0.32206538	0.026778153	
glut_max.F          	1.6067109	1.5917503	0.018199724	
glut_max.L          	33.55092	34.554081	0.66421412	
glut_max.iliopsoas.F	-6.144122	-5.9962061	0.19236042	
glut_max.rect_fem.F 	0.71448402	0.73729924	0.027439116	
glut_max.iliopsoas.L	-1.3688925	-1.4045307	0.032826256	
glut_max.rect_fem.L 	-0.36194513	-0.388997	0.027778876	
glut_max.VES_0      	-5.3678866	-5.4688225	0.11709213	
iliopsoas.F         	3.8586069	3.8647327	0.10055358	
iliopsoas.L         	36.044087	35.374943	0.43453674	
iliopsoas.hamstrings.F	-5.8016355	-5.6261588	0.19496867	
iliopsoas.glut_max.F	-14.602017	-14.741549	0.23391787	
iliopsoas.hamstrings.L	3.3712042	3.3474529	0.04575756	
iliopsoas.glut_max.L	-21.2882	-21.567838	0.50216979	
iliopsoas.VES_0     	0.45555263	0.4657423	0.015773819	
rect_fem.F          	-1.1363382	-1.1541854	0.027078016	
rect_fem.L          	0.066201412	0.056975707	0.0285286	
rect_fem.hamstrings.F	-0.77959573	-0.77586975	0.028173622	
rect_fem.bifemsh.F  	0.22556313	0.23342282	0.029402654	
rect_fem.glut_max.F 	0.067535194	0.044202654	0.027471353	
rect_fem.gastroc.F  	-0.64372211	-0.63907089	0.028455108	
rect_fem.hamstrings.L	-0.4806126	-0.47745167	0.027162852	
rect_fem.bifemsh.L  	0.0086434607	0.046674369	0.027958568	
rect_fem.glut_max.L 	-0.982219	-0.94082633	0.027514359	
rect_fem.gastroc.L  	0.30259056	0.33698068	0.027615338	
rect_fem.VES_0      	0.33617676	0.37802492	0.028264607	
vasti.F             	-2.0065421	-1.9907221	0.045194503	
vasti.L             	0.04235173	0.040874483	0.0092423775	
vasti.hamstrings.F  	1.5155019	1.5041711	0.030312384	
vasti.bifemsh.F     	-0.21940655	-0.21369879	0.027586199	
vasti.gastroc.F     	-0.51697377	-0.50430412	0.010261643	
vasti.hamstrings.L  	1.4499923	1.4984955	0.034131812	
vasti.bifemsh.L     	-0.80220409	-0.78542352	0.02783612	
vasti.gastroc.L     	0.01051386	0.009253422	0.0081211108	
vasti.VES_0         	1.3744735	1.3773865	0.015371831	
gastroc.F           	1.1861854	1.2075388	0.018949409	
gastroc.L           	8.53408	8.4485581	0.27307584	
gastroc.rect_fem.F  	0.14696101	0.11526925	0.027004212	
gastroc.vasti.F     	1.2308419	1.3109906	0.035521286	
gastroc.tib_ant.F   	-0.40050662	-0.34941183	0.050434956	
gastroc.rect_fem.L  	-0.22432832	-0.28725367	0.027691526	
gastroc.vasti.L     	0.0064036223	0.0058815611	0.0017955455	
gastroc.tib_ant.L   	0.68678862	0.76134425	0.043813335	
gastroc.VES_0       	-2.3848252	-2.3769493	0.052599682	
soleus.F            	4.2708026	4.3023008	0.277669	
soleus.L            	-0.37552028	-0.41531789	0.018498488	
soleus.tib_ant.F    	-6.2234917	-5.8782849	0.22629308	
soleus.tib_ant.L    	-2.2916925	-2.2979871	0.041394467	
soleus.VES_0        	-1.5787151	-1.5785993	0.022344803	
tib_ant.F           	-0.048667492	-0.04653775	0.0017419077	
tib_ant.L           	-0.79979084	-0.77731814	0.021411429	
tib_ant.gastroc.F   	-1.3460052	-1.2550579	0.048484289	
tib_ant.soleus.F    	0.037691805	0.03644966	0.004526992	
tib_ant.gastroc.L   	-0.43349082	-0.42816407	0.0072215872	
tib_ant.soleus.L    	-0.69670754	-0.68965809	0.062627099	
tib_ant.VES_0       	0.035240156	0.022916827	0.010520065	
