hamstrings.F        	-0.16868437	-0.17315688	0.0033786382	
hamstrings.iliopsoas.F	0.047187709	0.046836542	0.00080246942	
hamstrings.vasti.F  	3.5628876	3.566344	0.011264309	
hamstrings.L        	1.6868877	1.6808861	0.0089308347	
hamstrings.iliopsoas.L	0.16483251	0.1662639	0.0015236501	
hamstrings.vasti.L  	-0.15832182	-0.15936222	0.00099182063	
hamstrings.DP       	-0.072736046	-0.073252009	0.00087369566	
hamstrings.DV       	-0.18864486	-0.18758403	0.001222747	
glut_max.F          	0.11124352	0.11191364	0.00071570385	
glut_max.iliopsoas.F	-0.47885589	-0.47829711	0.0066916627	
glut_max.L          	0.24237427	0.2427158	0.0010946156	
glut_max.iliopsoas.L	-0.0066048586	-0.0063129122	0.0006770258	
glut_max.DP         	-0.15049592	-0.15105562	0.00079704737	
glut_max.DV         	-0.070072825	-0.070693226	0.00057475844	
iliopsoas.hamstrings.F	0.2702858	0.26831313	0.0011142955	
iliopsoas.glut_max.F	0.25075928	0.25157413	0.0010678631	
iliopsoas.F         	0.66625125	0.66878925	0.0022620641	
iliopsoas.hamstrings.L	-1.1506549	-1.1490027	0.0045136085	
iliopsoas.glut_max.L	0.23590812	0.23595949	0.0011440757	
iliopsoas.L         	0.12628642	0.12576601	0.0010410048	
iliopsoas.DP        	-0.086026049	-0.086504587	0.00061116369	
iliopsoas.DV        	0.0159712	0.016351394	0.00087423552	
vasti.hamstrings.F  	0.22186454	0.22386892	0.0013586654	
vasti.F             	-0.049884839	-0.044713083	0.0034644187	
vasti.gastroc.F     	-0.27973567	-0.27969973	0.0013797073	
vasti.hamstrings.L  	-0.054807024	-0.054643169	0.00053214527	
vasti.L             	-0.17180611	-0.1708865	0.001223803	
vasti.gastroc.L     	0.19059496	0.19028315	0.0018557109	
vasti.DP            	-0.0066940477	-0.0077742333	0.00081869279	
vasti.DV            	0.1254354	0.12645839	0.00093170287	
gastroc.vasti.F     	0.0044937032	0.0051539907	0.00049018773	
gastroc.F           	4.314028	4.288641	0.010618661	
gastroc.tib_ant.F   	-4.6679942	-4.6722046	0.012604435	
gastroc.vasti.L     	-0.07785285	-0.076339137	0.0021283341	
gastroc.L           	0.21551026	0.21551585	0.00084636753	
gastroc.tib_ant.L   	-0.090611094	-0.090927878	0.00055498849	
gastroc.DP          	-0.17492513	-0.17609223	0.0010380863	
gastroc.DV          	0.066706717	0.06698088	0.0006829173	
soleus.F            	1.3143505	1.3156485	0.0044858025	
soleus.tib_ant.F    	-0.41115482	-0.41315763	0.0018668054	
soleus.L            	0.15487338	0.15428229	0.0012678415	
soleus.tib_ant.L    	-0.20327949	-0.20310824	0.00085293181	
soleus.DP           	0.19968185	0.198729	0.00095138076	
soleus.DV           	0.021014864	0.02209409	0.00051245466	
tib_ant.gastroc.F   	-0.12963162	-0.12845544	0.0010183612	
tib_ant.soleus.F    	-1.4681783	-1.4690806	0.0034189791	
tib_ant.F           	0.37887175	0.37689744	0.0022431116	
tib_ant.gastroc.L   	-0.19053388	-0.19045482	0.00045107271	
tib_ant.soleus.L    	-0.46471017	-0.46423066	0.002509695	
tib_ant.L           	0.03635358	0.03543525	0.00055104151	
tib_ant.DP          	0.010113799	0.0098003165	0.00080716593	
tib_ant.DV          	0.10518239	0.10446175	0.00060805389	
