pelvis_tilt.offset  	-0.1104303	-0.11625665	0.0046686487	
hip_flexion_r.offset	0.032067541	0.032316	0.0044005002	
knee_angle_r.offset 	-0.01349121	-0.017782687	0.0042668955	
ankle_angle_r.offset	-0.07252942	-0.068064244	0.0044435022	
hip_flexion_l.offset	0.012619107	0.0090868593	0.0043220009	
knee_angle_l.offset 	0.11252976	0.099896407	0.0043659159	
ankle_angle_l.offset	0.089432362	0.085149257	0.0042768076	
hamstrings.L        	0.8733991	0.85497069	0.041007368	
hamstrings.iliopsoas.L	-0.014180595	0.070282327	0.065656634	
hamstrings.vasti.L  	0.044777102	0.037213169	0.0066989688	
hamstrings.F        	1.4243015	1.4269322	0.068842994	
hamstrings.iliopsoas.F	-1.3643267	-1.3509887	0.034031342	
hamstrings.vasti.F  	0.91557421	0.95845542	0.050564639	
glut_max.L          	1.1403241	1.2102815	0.04651654	
glut_max.iliopsoas.L	0.15126998	0.16108505	0.010401244	
glut_max.F          	0.015332784	0.017898429	0.0051579725	
glut_max.iliopsoas.F	-2.0452307	-2.0209694	0.052227686	
iliopsoas.hamstrings.L	-2.6049387	-2.628167	0.090726909	
iliopsoas.glut_max.L	0.72141062	0.58142335	0.066187842	
iliopsoas.L         	0.024375822	0.014367045	0.0099076917	
iliopsoas.hamstrings.F	-1.7379001	-1.6950557	0.046413949	
iliopsoas.glut_max.F	0.30684784	0.31404524	0.0083866257	
iliopsoas.F         	0.49027603	0.4287575	0.043794099	
vasti.hamstrings.L  	-0.0036298212	-0.009468262	0.0044881453	
vasti.L             	-0.15110296	-0.14978768	0.0088211531	
vasti.gastroc.L     	0.62274715	0.61154857	0.016142938	
vasti.hamstrings.F  	0.29848284	0.2899174	0.0084618833	
vasti.F             	1.0255065	1.0219431	0.051557572	
vasti.gastroc.F     	-0.26806733	-0.24941299	0.012594744	
gastroc.vasti.L     	-0.08720104	-0.10192612	0.0099057284	
gastroc.L           	0.17078529	0.16934402	0.0076853723	
gastroc.tib_ant.L   	0.12683097	0.11852866	0.012532721	
gastroc.vasti.F     	0.36011019	0.36799505	0.014740298	
gastroc.F           	2.0662401	2.1304944	0.059637482	
gastroc.tib_ant.F   	-1.5398235	-1.5294247	0.052057832	
soleus.L            	0.037121955	0.036099237	0.0058017583	
soleus.tib_ant.L    	-0.058143671	-0.061545503	0.0046461767	
soleus.F            	2.4501094	2.5264293	0.054741718	
soleus.tib_ant.F    	-0.62123342	-0.61488201	0.017999447	
tib_ant.gastroc.L   	-0.11576764	-0.12187536	0.0062070582	
tib_ant.soleus.L    	-0.29857271	-0.24828732	0.033388749	
tib_ant.L           	-0.063082742	-0.064493271	0.0084568618	
tib_ant.gastroc.F   	0.023090559	0.028960209	0.0053091353	
tib_ant.soleus.F    	-0.31769228	-0.2962409	0.021196354	
tib_ant.F           	0.54544328	0.53030124	0.014735595	
