pelvis_tilt.offset  	-0.07386203	-0.073844782	2.8971106e-05	
hip_flexion_r.offset	-0.0093429911	-0.0095488702	0.00010696664	
knee_angle_r.offset 	0.023503145	0.023541345	0.00014125295	
ankle_angle_r.offset	0.2843105	0.28385149	0.00036659382	
hip_flexion_l.offset	0.013199402	0.013135696	0.00011496144	
knee_angle_l.offset 	0.22208977	0.22174078	0.00031084249	
ankle_angle_l.offset	0.0054020883	0.0053678673	0.00012594699	
VES-_0.C0           	0.33123733	0.33183695	0.00043755876	
VES-_0.pelvis_tilt.DV	-0.53169565	-0.53160618	0.00069783891	
VES+_0.C0           	0.22074204	0.22125519	0.0003948485	
VES+_0.pelvis_tilt.DV	0.16395795	0.16421697	0.00041147676	
hamstrings.F        	-0.10725174	-0.10748186	0.00022506086	
glut_max.F          	-0.042328798	-0.042698947	0.00035052414	
iliopsoas.F         	0.29477116	0.29481727	9.63087e-05	
vasti.F             	0.40653276	0.40673665	0.00019071693	
gastroc.F           	3.7375621	3.7373264	0.00026638221	
soleus.F            	1.7743434	1.7745972	0.00024546467	
tib_ant.F           	0.37708633	0.37718208	0.00050188711	
hamstrings.L        	2.0776688	2.07769	0.00024079178	
glut_max.L          	-0.14812412	-0.1480755	0.00020546038	
iliopsoas.L         	0.69617729	0.69633903	0.00019823325	
vasti.L             	-0.1616784	-0.1616163	0.00015129826	
gastroc.L           	1.0781985	1.0781698	0.00019961944	
soleus.L            	0.40807007	0.40789251	0.00021581057	
tib_ant.L           	0.075497378	0.075718876	0.00054428394	
hamstrings.iliopsoas.F	0.22941573	0.22935427	0.00020066637	
hamstrings.vasti.F  	5.1766922	5.1766309	0.00020097872	
glut_max.iliopsoas.F	-0.42464043	-0.42451141	0.00022231393	
iliopsoas.hamstrings.F	0.44783631	0.448084	0.00023599707	
iliopsoas.glut_max.F	0.10273783	0.10251656	0.00018794219	
vasti.hamstrings.F  	0.020207105	0.020053698	0.00038667389	
vasti.gastroc.F     	-0.29005296	-0.29001609	0.00022462253	
gastroc.vasti.F     	0.26352225	0.26371045	0.00021305649	
gastroc.tib_ant.F   	-5.5317507	-5.5316944	0.00023306187	
soleus.tib_ant.F    	-0.25909858	-0.25886982	0.00019783477	
tib_ant.gastroc.F   	-0.072851689	-0.07266753	0.0003003488	
tib_ant.soleus.F    	-2.8415304	-2.8414564	0.000175415	
hamstrings.iliopsoas.L	0.54620321	0.5461232	0.00014304008	
hamstrings.vasti.L  	-0.11878216	-0.11881122	0.00012577247	
glut_max.iliopsoas.L	0.02278404	0.022770521	0.00016898652	
iliopsoas.hamstrings.L	-1.2024036	-1.202497	0.00015067969	
iliopsoas.glut_max.L	0.13675565	0.1368882	0.00013968672	
vasti.hamstrings.L  	-0.039631268	-0.039508855	0.00021095058	
vasti.gastroc.L     	0.26678915	0.26670283	0.00040561272	
gastroc.vasti.L     	0.14195256	0.14174953	0.00031414213	
gastroc.tib_ant.L   	-0.048123649	-0.048039466	0.0002638714	
soleus.tib_ant.L    	-0.11272714	-0.11273674	0.00028366876	
tib_ant.gastroc.L   	-0.16595993	-0.16597205	0.0001938661	
tib_ant.soleus.L    	-0.44168451	-0.44177098	0.00029647379	
hamstrings.VES-_0   	0.18172367	0.1816581	0.00016150533	
glut_max.VES-_0     	-0.30831921	-0.30819315	0.00027335028	
iliopsoas.VES-_0    	-0.031312454	-0.031207082	9.8099003e-05	
vasti.VES-_0        	-0.086471146	-0.086427769	0.00011128111	
gastroc.VES-_0      	0.15618934	0.15606416	0.00021482938	
soleus.VES-_0       	-0.03241153	-0.032564987	0.00011828607	
tib_ant.VES-_0      	-0.34591589	-0.34592682	0.00024804604	
hamstrings.VES+_0   	-0.19118821	-0.19108745	0.00026371056	
glut_max.VES+_0     	0.25790556	0.2577787	0.00031506599	
iliopsoas.VES+_0    	0.10653304	0.10645489	0.00031912427	
vasti.VES+_0        	0.06968911	0.069665483	0.00020816622	
gastroc.VES+_0      	0.15428025	0.15431766	0.0001665831	
soleus.VES+_0       	0.10660293	0.10648865	0.00020461142	
tib_ant.VES+_0      	0.50628966	0.50604311	0.00039903745	
