hamstrings.L        	0.86582166	0.86846558	0.011136834	
hamstrings.iliopsoas.L	1.4251826	1.4311559	0.012904064	
hamstrings.vasti.L  	0.05803937	0.054920176	0.012143672	
hamstrings.F        	1.5636413	1.5968297	0.017867408	
hamstrings.iliopsoas.F	-0.6879872	-0.68133274	0.012662268	
hamstrings.vasti.F  	1.0910129	1.0834152	0.01220126	
glut_max.L          	0.99731534	0.99659182	0.011880015	
glut_max.iliopsoas.L	0.18488702	0.14615132	0.010913353	
glut_max.F          	0.015106264	0.020085504	0.012401604	
glut_max.iliopsoas.F	-1.0852563	-1.0814934	0.012938464	
iliopsoas.hamstrings.L	-2.0271965	-2.0183603	0.012024391	
iliopsoas.glut_max.L	1.4558215	1.4580818	0.01083515	
iliopsoas.L         	0.13659683	0.13121154	0.011305747	
iliopsoas.hamstrings.F	-0.97063024	-0.98013356	0.011156704	
iliopsoas.glut_max.F	0.10845075	0.093104754	0.012559304	
iliopsoas.F         	0.9235318	0.93060001	0.010014311	
vasti.hamstrings.L  	0.0023367605	-0.0024646758	0.012088097	
vasti.L             	-0.10876148	-0.10454401	0.010858444	
vasti.gastroc.L     	0.23602291	0.25927647	0.012905588	
vasti.hamstrings.F  	0.10218174	0.095180477	0.012444208	
vasti.F             	1.1126954	1.1248203	0.012076256	
vasti.gastroc.F     	-0.17597276	-0.18565172	0.015999624	
gastroc.vasti.L     	-0.14355044	-0.14007965	0.0099937332	
gastroc.L           	0.08809361	0.079160026	0.011877067	
gastroc.tib_ant.L   	0.19555917	0.20095589	0.01073131	
gastroc.vasti.F     	0.24016467	0.24295142	0.011151932	
gastroc.F           	1.3068034	1.3126716	0.0088790973	
gastroc.tib_ant.F   	-1.0750542	-1.0829301	0.010995864	
soleus.L            	0.029718913	0.036181385	0.012515533	
soleus.tib_ant.L    	-0.0072781974	-0.0078483803	0.0074605969	
soleus.F            	1.1227246	1.1226489	0.011231046	
soleus.tib_ant.F    	-0.28768185	-0.29434317	0.013221477	
tib_ant.gastroc.L   	0.0310515	0.040829993	0.0098427164	
tib_ant.soleus.L    	-0.69650931	-0.69287071	0.012456134	
tib_ant.L           	-0.095547304	-0.09816717	0.0088402807	
tib_ant.gastroc.F   	0.028554272	0.02775717	0.014254888	
tib_ant.soleus.F    	-0.39226132	-0.39470238	0.014939612	
tib_ant.F           	0.22796451	0.23792904	0.01319274	
