pelvis_tilt.offset                 	   -0.06847413	   -0.07147846	    0.00341743
hip_flexion_r.offset               	   -0.06057048	   -0.05233603	    0.00438073
knee_angle_r.offset                	   -0.09008752	   -0.08965857	    0.00340602
ankle_angle_r.offset               	    0.07777675	    0.08397858	    0.00386186
hip_flexion_l.offset               	    0.09558758	    0.09230023	    0.00481587
knee_angle_l.offset                	    0.03902781	    0.04326671	    0.00380134
ankle_angle_l.offset               	    0.04669995	    0.04697154	    0.00371030
stance_load_threshold              	    0.04628056	    0.04231057	    0.00376700
swing_load_threshold               	    0.01558792	    0.01546904	    0.00021072
S11111.tib_ant.KL                  	    4.93268015	    4.87426758	    0.12890775
S11111.tib_ant.L0                  	    1.17798110	    1.18459968	    0.02791389
S11111.tib_ant-soleus.KF           	   -0.43331320	   -0.44602237	    0.01759948
S00011.soleus.KF                   	    1.66226073	    1.60848479	    0.04874277
S00011.soleus.C0                   	    0.01167436	    0.01173444	    0.00049614
S00011.gastroc.KF                  	    2.34786871	    2.29047764	    0.05510991
S00011.gastroc.C0                  	    0.01442691	    0.01458567	    0.00031867
S00100.soleus.KF                   	    1.37278234	    1.34937633	    0.03983076
S00100.soleus.C0                   	    0.00730878	    0.00641841	    0.00043845
S00100.gastroc.KF                  	    2.52460496	    2.52149000	    0.04381878
S00100.gastroc.C0                  	    0.00474287	    0.00444541	    0.00055393
S00011.vasti.KF                    	    1.40240750	    1.36647387	    0.05158053
S00011.vasti.C0                    	    0.05372134	    0.05666015	    0.00181976
S00011.vasti-knee_angle.pos_max    	    3.22871900	    3.01706744	    0.28570811
S00011.hamstrings-pelvis_tilt.KP   	    0.98879290	    1.01966419	    0.03489131
S00011.hamstrings-pelvis_tilt.KV   	    0.40153720	    0.40541229	    0.00743337
S00011.hamstrings-pelvis_tilt.C0   	   -0.02838851	   -0.02700695	    0.00427784
S00011.glut_max-pelvis_tilt.KP     	    0.67255457	    0.67637113	    0.04090516
S00011.glut_max-pelvis_tilt.KV     	    0.43167355	    0.42398645	    0.00704842
S00011.glut_max-pelvis_tilt.C0     	   -0.02607523	   -0.02056160	    0.00424052
S00011.iliopsoas-pelvis_tilt.KP    	   -1.46957251	   -1.51892041	    0.08672088
S00011.iliopsoas-pelvis_tilt.KV    	   -1.37615364	   -1.39492313	    0.01418640
S00011.iliopsoas-pelvis_tilt.C0    	    0.28533450	    0.28376820	    0.00344242
S00100.hamstrings-pelvis_tilt.KP   	    0.91353795	    0.93067901	    0.03703980
S00100.hamstrings-pelvis_tilt.KV   	   -0.05892567	   -0.05560865	    0.00616470
S00100.hamstrings-pelvis_tilt.C0   	    0.09046357	    0.09002991	    0.00378592
S00100.glut_max-pelvis_tilt.KP     	    1.18651978	    1.22648787	    0.04038029
S00100.glut_max-pelvis_tilt.KV     	    0.38252126	    0.37381549	    0.00674691
S00100.glut_max-pelvis_tilt.C0     	    0.28599315	    0.28499845	    0.00454680
S00100.iliopsoas-pelvis_tilt.KP    	   -1.66478593	   -1.72626401	    0.15214613
S00100.iliopsoas-pelvis_tilt.KV    	   -0.24635990	   -0.24975383	    0.01450277
S00100.iliopsoas-pelvis_tilt.C0    	    0.16232106	    0.16280390	    0.00390608
S11100.iliopsoas.KL                	    0.23090638	    0.27329726	    0.01872401
S11100.iliopsoas.L0                	    0.54210725	    0.51684685	    0.02379030
S11100.iliopsoas-pelvis_tilt.KP    	    1.58846910	    1.71311527	    0.05569273
S11100.iliopsoas-pelvis_tilt.KV    	    1.24882853	    1.26653758	    0.01846759
S11100.iliopsoas-hamstrings.KL     	   -0.15622882	   -0.33241896	    0.13832273
S11100.iliopsoas-hamstrings.L0     	    1.06837950	    1.08632367	    0.02776029
S11100.hamstrings.KF               	    0.25639869	    0.30408284	    0.02917924
S11100.hamstrings.C0               	    0.04168606	    0.04196366	    0.00329567
S11100.glut_max.KF                 	    0.00005242	    0.00033518	    0.00285845
S11100.glut_max.C0                 	    0.02686596	    0.02463457	    0.00361987
