N0.C0               	-0.18930869	-0.18755756	0.00093590142	
N0.hamstrings_r.L   	-0.40458045	-0.40722974	0.0010768238	
N0.glut_max_r.L     	-0.56826007	-0.57137703	0.0011947229	
N0.iliopsoas_r.L    	0.65788797	0.66072038	0.0012529794	
N0.vasti_r.L        	-1.4905652	-1.4916622	0.0011283646	
N0.gastroc_r.L      	-0.552464	-0.55245539	0.00093286428	
N0.soleus_r.L       	0.48343093	0.48234987	0.0011467198	
N0.tib_ant_r.L      	-0.14943054	-0.14872273	0.00091594521	
N0.hamstrings_l.L   	1.0209289	1.0219475	0.00098937867	
N0.glut_max_l.L     	0.93390057	0.93440842	0.00092389781	
N0.iliopsoas_l.L    	0.78695193	0.78726076	0.0011122438	
N0.vasti_l.L        	-1.0065204	-1.0076868	0.0010790424	
N0.gastroc_l.L      	-0.4290603	-0.43053943	0.00093480921	
N0.soleus_l.L       	-0.71521303	-0.71457487	0.00089011181	
N0.tib_ant_l.L      	-0.16496297	-0.16475145	0.00086468368	
N0.hamstrings_r.F   	-0.0033618811	-0.0029402548	0.00091805179	
N0.glut_max_r.F     	-0.14117294	-0.14301861	0.00089652429	
N0.iliopsoas_r.F    	-0.48423068	-0.48677743	0.0012839875	
N0.vasti_r.F        	-0.0099181286	-0.010380375	0.00099243412	
N0.gastroc_r.F      	-0.66497037	-0.66713274	0.00090195395	
N0.soleus_r.F       	-0.879768	-0.88305223	0.0015199739	
N0.tib_ant_r.F      	0.037017389	0.039300756	0.0010217747	
N0.hamstrings_l.F   	0.11539132	0.11498652	0.00093565879	
N0.glut_max_l.F     	0.8399752	0.84112193	0.0013544285	
N0.iliopsoas_l.F    	-0.081520871	-0.081726548	0.0011840483	
N0.vasti_l.F        	0.67044526	0.66784183	0.0015939915	
N0.gastroc_l.F      	-1.3936269	-1.3965657	0.0019415598	
N0.soleus_l.F       	0.22904943	0.23049037	0.0010351517	
N0.tib_ant_l.F      	0.77641053	0.77920005	0.0014894136	
N0.pelvis_tilt.DP   	1.4976828	1.503906	0.0021989306	
N0.pelvis_tilt.DV   	1.0357975	1.0371868	0.00088875976	
N1.C0               	-0.30983375	-0.30991485	0.00091128984	
N1.hamstrings_r.L   	-0.25715511	-0.25618267	0.00090680242	
N1.glut_max_r.L     	-0.14098835	-0.14073709	0.0008924411	
N1.iliopsoas_r.L    	0.21978042	0.2207482	0.0010572587	
N1.vasti_r.L        	0.40677798	0.40877421	0.00090913789	
N1.gastroc_r.L      	1.5123321	1.514668	0.00089926667	
N1.soleus_r.L       	-0.20207237	-0.20235648	0.00089650733	
N1.tib_ant_r.L      	-0.013527815	-0.014877682	0.00094868331	
N1.hamstrings_l.L   	0.22984961	0.23039787	0.0010455338	
N1.glut_max_l.L     	0.33009399	0.33070846	0.00095844226	
N1.iliopsoas_l.L    	-0.39827375	-0.39766254	0.00098389356	
N1.vasti_l.L        	0.66550204	0.66807865	0.00094858309	
N1.gastroc_l.L      	0.0057005088	0.0038263391	0.00094573967	
N1.soleus_l.L       	-0.8501211	-0.84886198	0.0009106053	
N1.tib_ant_l.L      	-0.53876315	-0.53711427	0.00093239294	
N1.hamstrings_r.F   	0.41427616	0.41502107	0.00093397225	
N1.glut_max_r.F     	-1.394357	-1.3939964	0.00096513044	
N1.iliopsoas_r.F    	-0.45012492	-0.45142802	0.0011712855	
N1.vasti_r.F        	-0.74335817	-0.74319499	0.00091608532	
N1.gastroc_r.F      	-0.43681024	-0.43619376	0.00092332729	
N1.soleus_r.F       	-0.3303329	-0.33132844	0.00090822779	
N1.tib_ant_r.F      	0.60421462	0.6050094	0.00099446069	
N1.hamstrings_l.F   	-0.15483877	-0.15546528	0.00097925942	
N1.glut_max_l.F     	-0.12290025	-0.12349539	0.0008927027	
N1.iliopsoas_l.F    	0.20563711	0.20609086	0.00087657924	
N1.vasti_l.F        	0.7791361	0.77833788	0.00088109622	
N1.gastroc_l.F      	-0.78536657	-0.78541746	0.00088252347	
N1.soleus_l.F       	0.32165578	0.32236593	0.00086484356	
N1.tib_ant_l.F      	-0.44211358	-0.44212228	0.00096057385	
N1.pelvis_tilt.DP   	1.1551083	1.1538999	0.0009490145	
N1.pelvis_tilt.DV   	0.29131171	0.29061525	0.00092191927	
hamstrings.N0_r     	-0.82690206	-0.82515085	0.00092311989	
hamstrings.N1_r     	-0.087010114	-0.087032889	0.00086593828	
hamstrings.N0_l     	-0.93000375	-0.93025045	0.001036614	
hamstrings.N1_l     	1.4033494	1.4050793	0.0009449329	
hamstrings.L        	0.67666469	0.67667909	0.00099931352	
hamstrings.iliopsoas.L	0.22757399	0.22714304	0.0013269474	
hamstrings.vasti.L  	-0.019962606	-0.019389554	0.00079014414	
hamstrings.F        	0.64906767	0.64772172	0.00093954782	
hamstrings.iliopsoas.F	-0.18934637	-0.19022087	0.0012868868	
hamstrings.vasti.F  	0.66801563	0.66800327	0.00085232361	
glut_max.N0_r       	-0.22092748	-0.22114627	0.00096513245	
glut_max.N1_r       	-0.046171626	-0.045955062	0.00094870564	
glut_max.N0_l       	-0.8101632	-0.81235783	0.00091347809	
glut_max.N1_l       	0.85271529	0.85385176	0.0009717913	
glut_max.L          	0.032086129	0.03196465	0.00057694742	
glut_max.iliopsoas.L	0.013749532	0.014507152	0.00078794688	
glut_max.F          	1.493328	1.4933956	0.00091963169	
glut_max.iliopsoas.F	-0.046655857	-0.045115174	0.00082343241	
iliopsoas.N0_r      	0.94721595	0.94794295	0.00090453403	
iliopsoas.N1_r      	1.54805	1.5491117	0.00097056588	
iliopsoas.N0_l      	-0.57007815	-0.56997104	0.00090822387	
iliopsoas.N1_l      	0.0092566616	0.010264082	0.00096788499	
iliopsoas.hamstrings.L	-2.7585621	-2.7599095	0.0010654545	
iliopsoas.glut_max.L	2.1317521	2.1340239	0.001119249	
iliopsoas.L         	0.27125544	0.27254278	0.00082964005	
iliopsoas.hamstrings.F	-0.042427364	-0.042380795	0.00094584576	
iliopsoas.glut_max.F	0.6784622	0.67856323	0.00092890748	
iliopsoas.F         	0.74204731	0.74332777	0.00089974195	
vasti.N0_r          	-0.19495934	-0.19363322	0.00096338647	
vasti.N1_r          	-0.031627969	-0.032751831	0.00088820104	
vasti.N0_l          	-0.3895512	-0.39089113	0.0011220518	
vasti.N1_l          	0.39517957	0.39469957	0.00097769615	
vasti.hamstrings.L  	0.29230893	0.29171364	0.0010410584	
vasti.L             	-0.3658052	-0.3658275	0.0008284398	
vasti.gastroc.L     	0.31709816	0.3174168	0.0010870864	
vasti.hamstrings.F  	-0.025259407	-0.024311692	0.00085296027	
vasti.F             	1.0433355	1.0425768	0.00077588617	
vasti.gastroc.F     	-0.083570125	-0.084452907	0.00086014073	
gastroc.N0_r        	-0.023755858	-0.023753469	0.00071634099	
gastroc.N1_r        	-1.4614172	-1.4604614	0.00095293927	
gastroc.N0_l        	-1.2577953	-1.2595645	0.0011540669	
gastroc.N1_l        	-0.52114892	-0.52236761	0.00093512333	
gastroc.vasti.L     	-0.11552372	-0.11647391	0.00077483443	
gastroc.L           	0.24991485	0.24910232	0.00090939804	
gastroc.tib_ant.L   	0.17047841	0.17041918	0.00078222423	
gastroc.vasti.F     	0.14572663	0.145442	0.000754787	
gastroc.F           	1.310382	1.3098199	0.00067438831	
gastroc.tib_ant.F   	-0.30315335	-0.30433178	0.00087297417	
soleus.N0_r         	0.0026700837	0.0035383307	0.00052624075	
soleus.N1_r         	-0.087744427	-0.087552696	0.0008736645	
soleus.N0_l         	-0.94800746	-0.94933592	0.0010245386	
soleus.N1_l         	-0.41625075	-0.41690386	0.00092764433	
soleus.L            	0.1525726	0.15233264	0.00088575912	
soleus.tib_ant.L    	-0.047684398	-0.047074875	0.00061889246	
soleus.F            	0.99105243	0.98985231	0.00081908199	
soleus.tib_ant.F    	-0.11221522	-0.11271378	0.00097871664	
tib_ant.N0_r        	-0.874042	-0.87553161	0.00089069347	
tib_ant.N1_r        	-0.068288861	-0.066441195	0.00092060485	
tib_ant.N0_l        	-0.0021963385	-0.0023026814	0.00049985575	
tib_ant.N1_l        	0.09752812	0.09655003	0.00094192421	
tib_ant.gastroc.L   	0.0043630312	0.0029869017	0.0007073519	
tib_ant.soleus.L    	-0.92951028	-0.93110223	0.0011005545	
tib_ant.L           	-0.18759717	-0.18920855	0.00077992794	
tib_ant.gastroc.F   	0.0019429011	0.0008542403	0.00086881105	
tib_ant.soleus.F    	-0.40304855	-0.40426797	0.0011089937	
tib_ant.F           	-0.27089862	-0.27655609	0.0019666434	
