pelvis_tilt.offset  	-0.019602027	-0.018757659	0.00092676992	
hip_flexion_r.offset	-0.062111594	-0.061701465	0.00024418779	
knee_angle_r.offset 	0.054012193	0.053815394	0.0010203299	
ankle_angle_r.offset	-0.014202978	-0.014288496	0.00034710851	
hip_flexion_l.offset	-0.0050681488	-0.0045882178	0.00065448251	
knee_angle_l.offset 	-0.00062814258	-0.0015552229	0.00065409397	
ankle_angle_l.offset	-0.048853632	-0.048718613	0.00019545979	
N0.width            	1.4498795	1.4422554	0.0066388879	
N0.hamstrings.F.m   	-0.075939826	-0.075807576	0.00021612411	
N0.glut_max.F.m     	-0.050065559	-0.050047985	0.00027582346	
N0.iliopsoas.F.m    	0.98254852	0.98147021	0.006538532	
N0.vasti.F.m        	-0.20381243	-0.20633341	0.0022024117	
N0.gastroc.F.m      	0.17773037	0.17482181	0.0043118225	
N0.soleus.F.m       	0.29623878	0.29717878	0.0031727487	
N0.tib_ant.F.m      	-0.027066101	-0.027297183	0.00026182661	
N0.hamstrings.L.m   	0.2284001	0.23119039	0.001998663	
N0.glut_max.L.m     	0.11742304	0.11735736	0.00074695905	
N0.iliopsoas.L.m    	0.12643906	0.12574738	0.0026725348	
N0.vasti.L.m        	0.55415266	0.56005773	0.0031125604	
N0.gastroc.L.m      	0.77122174	0.77437327	0.0044162393	
N0.soleus.L.m       	0.25184133	0.25113517	0.0029025423	
N0.tib_ant.L.m      	0.95513644	0.95384296	0.0027370935	
hamstrings.N0_r     	-0.068355581	-0.067906897	0.00028228412	
hamstrings.N0_l     	-0.5318539	-0.53429575	0.0021558775	
hamstrings.F        	0.83334374	0.83294176	0.0047345264	
hamstrings.iliopsoas.F	0.099929232	0.10110556	0.0017275618	
hamstrings.vasti.F  	3.7933705	3.783475	0.015132628	
hamstrings.L        	0.33829052	0.34269244	0.003152047	
hamstrings.iliopsoas.L	-0.27775946	-0.27571341	0.0016719346	
hamstrings.vasti.L  	-0.60279697	-0.60391218	0.003173364	
hamstrings.pelvis_tilt.DP       	-0.52679922	-0.52360749	0.0021428819	
hamstrings.pelvis_tilt.DV       	0.029531687	0.02920209	0.00045990357	
glut_max.N0_r       	-0.05899679	-0.059032004	0.00016334816	
glut_max.N0_l       	-1.3883063	-1.3844592	0.0060663693	
glut_max.F          	1.0088506	1.018245	0.0089148869	
glut_max.iliopsoas.F	-0.63786596	-0.63864752	0.0016806323	
glut_max.L          	-1.0893028	-1.1041844	0.0077667165	
glut_max.iliopsoas.L	-0.99554266	-0.9861668	0.010717451	
glut_max.pelvis_tilt.DP         	-0.53182284	-0.53110095	0.0013524648	
glut_max.pelvis_tilt.DV         	-0.071713543	-0.071686983	0.00096458339	
iliopsoas.N0_r      	0.055897446	0.055980722	0.0005128375	
iliopsoas.N0_l      	-0.031515456	-0.030584022	0.00056744165	
iliopsoas.hamstrings.F	0.15629141	0.15680354	0.00074176334	
iliopsoas.glut_max.F	0.81477272	0.82295373	0.0051193643	
iliopsoas.F         	0.32362198	0.32587695	0.0030932724	
iliopsoas.hamstrings.L	-0.6565516	-0.65841599	0.0050301254	
iliopsoas.glut_max.L	-0.22063756	-0.21500434	0.004244017	
iliopsoas.L         	0.96045864	0.96304204	0.0059766344	
iliopsoas.pelvis_tilt.DP        	-0.025175411	-0.025232302	0.00028208852	
iliopsoas.pelvis_tilt.DV        	0.060460186	0.063705645	0.0011019297	
vasti.N0_r          	-0.025783048	-0.025390325	0.00040344065	
vasti.N0_l          	-0.093431857	-0.093430249	0.00010895379	
vasti.hamstrings.F  	-0.22167025	-0.22108083	0.00075769072	
vasti.F             	0.12943026	0.12852461	0.0014588962	
vasti.gastroc.F     	-0.25169247	-0.2515898	0.00049395052	
vasti.hamstrings.L  	0.10738338	0.1075293	0.0019381869	
vasti.L             	-0.19326585	-0.19160429	0.0014861619	
vasti.gastroc.L     	0.163619	0.16586381	0.001189046	
vasti.pelvis_tilt.DP            	-0.072906199	-0.073470102	0.00063560822	
vasti.pelvis_tilt.DV            	0.031791106	0.033188829	0.00095817357	
gastroc.N0_r        	-1.7648939	-1.767376	0.0072919427	
gastroc.N0_l        	6.8681309	6.8395222	0.021545336	
gastroc.vasti.F     	1.7765453	1.7835136	0.011979945	
gastroc.F           	2.3081913	2.3209338	0.024912415	
gastroc.tib_ant.F   	-0.64488262	-0.64386244	0.0038928123	
gastroc.vasti.L     	0.046524787	0.046690498	0.0017591436	
gastroc.L           	-0.090645164	-0.090560453	8.4008759e-05	
gastroc.tib_ant.L   	-2.481294	-2.4801676	0.0075231176	
gastroc.pelvis_tilt.DP          	-0.11087499	-0.11092143	5.2485292e-05	
gastroc.pelvis_tilt.DV          	0.35671865	0.35818278	0.0022898113	
soleus.N0_r         	-0.097789652	-0.097826642	3.3469957e-05	
soleus.N0_l         	-0.062620964	-0.062745939	0.00027738204	
soleus.F            	0.66631942	0.66548967	0.0054969237	
soleus.tib_ant.F    	-0.73792646	-0.74014224	0.0028075305	
soleus.L            	0.42754053	0.43218163	0.0027526247	
soleus.tib_ant.L    	-0.086830239	-0.086766473	0.00020365925	
soleus.pelvis_tilt.DP           	0.86417255	0.86531682	0.0033675833	
soleus.pelvis_tilt.DV           	0.14238948	0.1414686	0.0010851329	
tib_ant.N0_r        	0.067847155	0.067085837	0.00089916034	
tib_ant.N0_l        	-0.44272988	-0.44290627	0.0012964432	
tib_ant.gastroc.F   	-0.19061628	-0.19072247	0.00044262702	
tib_ant.soleus.F    	-0.41430038	-0.41601616	0.0015361277	
tib_ant.F           	0.28285767	0.28388983	0.0014830764	
tib_ant.gastroc.L   	-0.055279345	-0.055872669	0.0014901764	
tib_ant.soleus.L    	-0.002578037	-0.0036067228	0.0023489659	
tib_ant.L           	0.67420998	0.67286103	0.004784289	
tib_ant.pelvis_tilt.DP          	0.56800597	0.56886861	0.0022887774	
tib_ant.pelvis_tilt.DV          	0.12046928	0.12180513	0.0010723867	
