pelvis_tilt.offset                 	   -0.03443841	   -0.03323697	    0.00065969
hip_flexion_r.offset               	   -0.07444476	   -0.07397295	    0.00086875
knee_angle_r.offset                	   -0.04566921	   -0.04616691	    0.00038371
ankle_angle_r.offset               	    0.02757468	    0.02747861	    0.00050076
hip_flexion_l.offset               	   -0.06899264	   -0.06840584	    0.00056619
knee_angle_l.offset                	    0.05304579	    0.05268635	    0.00048230
ankle_angle_l.offset               	    0.00206576	    0.00159317	    0.00093694
stance_load_threshold              	    0.13782561	    0.13729184	    0.00066522
swing_load_threshold               	    0.01616869	    0.01618795	    0.00003732
S11111.tib_ant.KL                  	    0.15238796	    0.15785723	    0.01106955
S11111.tib_ant.L0                  	    0.37341153	    0.37691716	    0.00380183
S11111.tib_ant-soleus.KF           	    0.09765675	    0.10046434	    0.00212829
S00011.soleus.KF                   	    1.91137420	    1.90799299	    0.00669452
S00011.soleus.C0                   	    0.00380884	    0.00375164	    0.00007660
S00011.gastroc.KF                  	    1.70693765	    1.70273515	    0.00648301
S00011.gastroc.C0                  	    0.01127756	    0.01142489	    0.00009497
S00100.soleus.KF                   	    1.95413965	    1.95302744	    0.00865368
S00100.soleus.C0                   	    0.01048823	    0.01054304	    0.00005626
S00100.gastroc.KF                  	    1.87757284	    1.87206529	    0.01047143
S00100.gastroc.C0                  	   -0.00267284	   -0.00257025	    0.00006132
S00011.vasti.KF                    	    1.17663507	    1.17719443	    0.00350929
S00011.vasti.C0                    	    0.02777882	    0.02784485	    0.00023735
S00011.vasti-knee_angle.pos_max    	   -4.61483587	   -4.62204272	    0.05279328
S00011.hamstrings-pelvis_tilt.KP   	    1.28656985	    1.27481486	    0.00718113
S00011.hamstrings-pelvis_tilt.KV   	    0.26871047	    0.26723729	    0.00173983
S00011.hamstrings-pelvis_tilt.C0   	    0.09712631	    0.09739863	    0.00080161
S00011.glut_max-pelvis_tilt.KP     	    1.13072547	    1.12774579	    0.00630779
S00011.glut_max-pelvis_tilt.KV     	    0.43504107	    0.43512993	    0.00161392
S00011.glut_max-pelvis_tilt.C0     	    0.05967139	    0.06020661	    0.00064498
S00011.iliopsoas-pelvis_tilt.KP    	   -9.42177679	   -9.38732705	    0.02138822
S00011.iliopsoas-pelvis_tilt.KV    	   -0.89716128	   -0.88797883	    0.00476891
S00011.iliopsoas-pelvis_tilt.C0    	    0.10400320	    0.10410172	    0.00070722
S00100.hamstrings-pelvis_tilt.KP   	    0.43354865	    0.42611713	    0.00718425
S00100.hamstrings-pelvis_tilt.KV   	    0.10638070	    0.10858562	    0.00150765
S00100.hamstrings-pelvis_tilt.C0   	    0.04365455	    0.04275407	    0.00062121
S00100.glut_max-pelvis_tilt.KP     	    0.82556183	    0.83489590	    0.00583527
S00100.glut_max-pelvis_tilt.KV     	    0.30089614	    0.30012168	    0.00136706
S00100.glut_max-pelvis_tilt.C0     	    0.23384480	    0.23338188	    0.00086288
S00100.iliopsoas-pelvis_tilt.KP    	   -1.83078924	   -1.86090324	    0.02415337
S00100.iliopsoas-pelvis_tilt.KV    	   -0.50791653	   -0.50330913	    0.00317217
S00100.iliopsoas-pelvis_tilt.C0    	   -0.00299235	   -0.00179266	    0.00070241
S11100.iliopsoas.KL                	    0.51871133	    0.51700612	    0.00340843
S11100.iliopsoas.L0                	    0.53194834	    0.52598527	    0.00500791
S11100.iliopsoas-pelvis_tilt.KP    	    1.74888544	    1.74393793	    0.00446267
S11100.iliopsoas-pelvis_tilt.KV    	    0.27977616	    0.27510690	    0.00385047
S11100.iliopsoas-hamstrings.KL     	   -0.66634973	   -0.67317662	    0.02657209
S11100.iliopsoas-hamstrings.L0     	    0.49848734	    0.49608647	    0.00358084
S11100.hamstrings.KF               	    0.93272545	    0.93435916	    0.00526206
S11100.hamstrings.C0               	   -0.00622199	   -0.00640223	    0.00056252
S11100.glut_max.KF                 	    0.00075169	    0.00098469	    0.00050221
S11100.glut_max.C0                 	    0.00025087	   -0.00004440	    0.00069311
