pelvis_tilt.offset  	0.064739726	0.064463285	0.00031818499	
hip_flexion_r.offset	-0.058309994	-0.057910813	0.00032563927	
knee_angle_r.offset 	0.075288701	0.075338722	0.00031555098	
ankle_angle_r.offset	-0.040586727	-0.040967278	0.00029460192	
hip_flexion_l.offset	0.011882162	0.012064683	0.00029946464	
knee_angle_l.offset 	0.0085947875	0.0088872008	0.00030754253	
ankle_angle_l.offset	-0.068702594	-0.068655105	0.00031208537	
N0.width            	1.1239076	1.1252196	0.003711961	
N0.hamstrings.F.m   	-0.065166866	-0.065516052	0.00020334064	
N0.glut_max.F.m     	-0.052971457	-0.05313705	0.00026815463	
N0.iliopsoas.F.m    	1.0118988	1.010882	0.0025470081	
N0.vasti.F.m        	0.26361288	0.26304543	0.00075716822	
N0.gastroc.F.m      	0.58635983	0.58840563	0.003040433	
N0.soleus.F.m       	0.40930275	0.40812294	0.0011373387	
N0.tib_ant.F.m      	-0.056009995	-0.056133517	0.00012951871	
N0.hamstrings.L.m   	0.23271627	0.23291136	0.00052992494	
N0.glut_max.L.m     	0.026042933	0.026333139	0.00036044681	
N0.iliopsoas.L.m    	0.35315189	0.35275869	0.0019045041	
N0.vasti.L.m        	0.42507661	0.42539545	0.0011416974	
N0.gastroc.L.m      	0.63659812	0.63733366	0.001814667	
N0.soleus.L.m       	0.38121315	0.38228672	0.0014770074	
N0.tib_ant.L.m      	0.32315597	0.32395042	0.0010231115	
hamstrings.N0_r     	-0.053097648	-0.052849093	0.00024449305	
hamstrings.N0_l     	-0.45780856	-0.45772475	0.00098229593	
hamstrings.F        	0.70916363	0.70736793	0.0037741018	
hamstrings.iliopsoas.F	0.19688072	0.19575542	0.0008107406	
hamstrings.vasti.F  	2.3535641	2.3620937	0.0045859933	
hamstrings.L        	0.4520256	0.45279122	0.0017337791	
hamstrings.iliopsoas.L	-0.38024566	-0.38153242	0.0015292398	
hamstrings.vasti.L  	-0.6171178	-0.61865396	0.0011379395	
hamstrings.DP       	-0.45204964	-0.44924743	0.0030869	
hamstrings.DV       	-0.024578981	-0.024717982	0.0024872463	
glut_max.N0_r       	-0.07487819	-0.073409892	0.0016001368	
glut_max.N0_l       	-1.1238568	-1.1238028	0.0023230867	
glut_max.F          	1.3703065	1.3717169	0.002639427	
glut_max.iliopsoas.F	-0.36986829	-0.36908145	0.00077298642	
glut_max.L          	-1.4034508	-1.4025398	0.0041796323	
glut_max.iliopsoas.L	-1.8878215	-1.8883193	0.0032213089	
glut_max.DP         	-0.31744376	-0.31560061	0.0030629534	
glut_max.DV         	0.060127402	0.061502686	0.0030873018	
iliopsoas.N0_r      	-0.01770552	-0.017803842	0.00016980149	
iliopsoas.N0_l      	-0.004458152	-0.0048807249	0.0002128386	
iliopsoas.hamstrings.F	0.020624589	0.020752187	0.0002557969	
iliopsoas.glut_max.F	0.76962169	0.76536864	0.0037930729	
iliopsoas.F         	0.43267734	0.42968447	0.0021741186	
iliopsoas.hamstrings.L	-0.98921102	-0.98591405	0.0029286144	
iliopsoas.glut_max.L	0.59741366	0.59290183	0.0036338989	
iliopsoas.L         	1.0839594	1.0788496	0.0027340262	
iliopsoas.DP        	-0.058811365	-0.055352844	0.0030400883	
iliopsoas.DV        	0.076895835	0.07507532	0.0027459958	
vasti.N0_r          	-0.033278362	-0.033196315	0.00035141417	
vasti.N0_l          	-0.081824276	-0.081852297	6.6437572e-05	
vasti.hamstrings.F  	-0.22811231	-0.22801691	0.00047745133	
vasti.F             	0.136758	0.13749691	0.0022448238	
vasti.gastroc.F     	-0.17900373	-0.17910276	0.00015830708	
vasti.hamstrings.L  	0.25714014	0.2578171	0.00053524225	
vasti.L             	-0.34714953	-0.34749802	0.00058198463	
vasti.gastroc.L     	0.10189296	0.10157641	0.0012559741	
vasti.DP            	0.0051003056	0.0031462825	0.0031070795	
vasti.DV            	0.063296964	0.060973206	0.002628022	
gastroc.N0_r        	-1.305174	-1.3079695	0.0038931107	
gastroc.N0_l        	3.4467609	3.4635222	0.0073722166	
gastroc.vasti.F     	1.8424784	1.8432019	0.0041971989	
gastroc.F           	3.8608383	3.8680087	0.0095803903	
gastroc.tib_ant.F   	-0.7273652	-0.72246233	0.0016403666	
gastroc.vasti.L     	0.18898947	0.18803617	0.0007590677	
gastroc.L           	-0.086637583	-0.086622344	4.5079098e-05	
gastroc.tib_ant.L   	-1.3410048	-1.3431538	0.002358696	
gastroc.DP          	-0.10691824	-0.10859216	0.0030923044	
gastroc.DV          	0.27444719	0.27432619	0.0029598484	
soleus.N0_r         	-0.093998356	-0.094348272	0.00035395994	
soleus.N0_l         	-0.055707845	-0.055599856	0.00020649901	
soleus.F            	0.84404195	0.84230519	0.0040171294	
soleus.tib_ant.F    	-0.56591734	-0.56722423	0.00080576957	
soleus.L            	0.38743134	0.38707397	0.00086793847	
soleus.tib_ant.L    	-0.069573885	-0.068758698	0.00044406984	
soleus.DP           	0.47421128	0.47215081	0.0030197408	
soleus.DV           	0.090651896	0.088166946	0.0026011478	
tib_ant.N0_r        	0.047984865	0.048235342	0.00027249025	
tib_ant.N0_l        	-0.3166154	-0.3173428	0.00077062151	
tib_ant.gastroc.F   	-0.17211031	-0.17237341	0.00021784235	
tib_ant.soleus.F    	-0.36414944	-0.36447755	0.0014748606	
tib_ant.F           	0.14074796	0.14031919	0.0013709792	
tib_ant.gastroc.L   	-0.35099689	-0.35099007	0.0006491393	
tib_ant.soleus.L    	0.28862887	0.28724315	0.00069096033	
tib_ant.L           	0.73923251	0.74020096	0.0016792481	
tib_ant.DP          	0.26481761	0.26507298	0.003276777	
tib_ant.DV          	0.073032981	0.077112225	0.0029792031	
