N0.C0               	-0.49748791	-0.49837537	0.0020656034	
N0.hamstrings_r.L   	-0.85116883	-0.85124692	0.0021161675	
N0.glut_max_r.L     	-0.066808531	-0.067239732	0.002010154	
N0.iliopsoas_r.L    	0.33049702	0.3272469	0.0020386763	
N0.vasti_r.L        	0.37131409	0.3708763	0.0021151607	
N0.gastroc_r.L      	-0.11053303	-0.11016546	0.0019577086	
N0.soleus_r.L       	0.051335101	0.050966371	0.0019579937	
N0.tib_ant_r.L      	0.88553621	0.88594046	0.0020823051	
N0.hamstrings_l.L   	0.72984296	0.72893272	0.0020854134	
N0.glut_max_l.L     	0.32777937	0.32150632	0.0020391792	
N0.iliopsoas_l.L    	0.59527073	0.59415452	0.0019872444	
N0.vasti_l.L        	0.53075899	0.53073407	0.0019780114	
N0.gastroc_l.L      	0.11723684	0.11797204	0.0019869726	
N0.soleus_l.L       	1.0254009	1.0256628	0.0020398746	
N0.tib_ant_l.L      	0.83817809	0.8378969	0.0020997868	
N0.hamstrings_r.F   	-0.68945614	-0.68926888	0.0020714907	
N0.glut_max_r.F     	-0.56368428	-0.56636253	0.002101127	
N0.iliopsoas_r.F    	-0.93740537	-0.93797738	0.0019925686	
N0.vasti_r.F        	-1.5706534	-1.5709021	0.0022112907	
N0.gastroc_r.F      	0.35936674	0.35752557	0.0020067932	
N0.soleus_r.F       	1.4691514	1.4690107	0.0020507416	
N0.tib_ant_r.F      	0.083061433	0.078228423	0.0020703129	
N0.hamstrings_l.F   	-0.85829586	-0.85776668	0.0019088468	
N0.glut_max_l.F     	0.026868387	0.028855455	0.0021219539	
N0.iliopsoas_l.F    	-0.14676242	-0.14219766	0.002066454	
N0.vasti_l.F        	-0.56182923	-0.5625331	0.00198097	
N0.gastroc_l.F      	-0.23843647	-0.23980459	0.0019769808	
N0.soleus_l.F       	1.1847831	1.1853074	0.0021236365	
N0.tib_ant_l.F      	0.13292638	0.13184524	0.0021774694	
N0.pelvis_tilt.DP   	0.056617242	0.053548238	0.0019487295	
N0.pelvis_tilt.DV   	-0.6997514	-0.6994642	0.0020808138	
hamstrings.N0_r     	0.13733975	0.1363047	0.0020692835	
hamstrings.N0_l     	-0.40865963	-0.40754604	0.0021156703	
hamstrings.L        	0.099682117	0.098711478	0.0017379146	
hamstrings.F        	0.86914469	0.86768122	0.0019554981	
glut_max.N0_r       	0.12423739	0.12441265	0.0021546607	
glut_max.N0_l       	0.094000154	0.095108134	0.0020901738	
glut_max.L          	0.049657874	0.049843102	0.0012493407	
glut_max.F          	1.4868699	1.4898095	0.0021000403	
iliopsoas.N0_r      	-1.1739277	-1.1759637	0.0020555719	
iliopsoas.N0_l      	-0.067891059	-0.066248232	0.002042365	
iliopsoas.L         	0.30213463	0.30314293	0.0018125268	
iliopsoas.F         	0.8390932	0.83830712	0.0016705371	
vasti.N0_r          	0.57477545	0.57448153	0.0020646652	
vasti.N0_l          	0.87261396	0.86931365	0.0020958229	
vasti.L             	0.00042755321	-0.00037312685	0.0014842784	
vasti.F             	1.1878943	1.1875076	0.0018429908	
gastroc.N0_r        	-0.86627915	-0.86739937	0.0019146789	
gastroc.N0_l        	0.34082186	0.34259382	0.0020062996	
gastroc.L           	0.3294541	0.33008036	0.0018652065	
gastroc.F           	1.2975534	1.296567	0.0013394331	
soleus.N0_r         	0.40095778	0.40153465	0.0019943572	
soleus.N0_l         	-0.22827305	-0.22662841	0.0019357375	
soleus.L            	0.20766911	0.20973534	0.002033766	
soleus.F            	1.0643068	1.0648956	0.0015362027	
tib_ant.N0_r        	-0.099856088	-0.099119393	0.002044979	
tib_ant.N0_l        	-0.82293696	-0.82315342	0.0021527017	
tib_ant.L           	0.10064385	0.099401979	0.0014756644	
tib_ant.F           	1.3006694	1.2991522	0.0019287059	
