pelvis_tilt.offset  	-0.043593699	-0.044623131	0.00072361108	
hip_flexion_r.offset	0.062000267	0.061852465	0.00079586143	
knee_angle_r.offset 	-0.011915481	-0.012357013	0.00080872001	
ankle_angle_r.offset	0.038497159	0.039471182	0.00074485413	
hip_flexion_l.offset	0.029674491	0.029266809	0.00077741613	
knee_angle_l.offset 	-0.023130462	-0.022701039	0.00075668025	
ankle_angle_l.offset	-0.01568215	-0.015698271	0.00088870393	
hamstrings.L        	2.3656571	2.372057	0.0077926196	
hamstrings.iliopsoas.L	0.21100163	0.20115734	0.0098812544	
hamstrings.vasti.L  	-0.11245438	-0.11266185	0.0012351444	
hamstrings.F        	0.59936708	0.59390357	0.0099818139	
hamstrings.iliopsoas.F	0.058088532	0.06629375	0.0059942261	
hamstrings.vasti.F  	1.9782948	1.9781585	0.010193011	
hamstrings.DP       	-0.086363001	-0.087010092	0.00074355405	
hamstrings.DV       	-0.1710715	-0.17073874	0.00081334879	
glut_max.L          	0.11251686	0.11111075	0.0090078657	
glut_max.iliopsoas.L	0.033974101	0.035190383	0.0018428492	
glut_max.F          	0.053631302	0.054167895	0.0009944456	
glut_max.iliopsoas.F	-1.3069416	-1.3003977	0.0088209663	
glut_max.DP         	-0.073241721	-0.073078482	0.00082149322	
glut_max.DV         	-0.021218728	-0.020457791	0.00076375034	
iliopsoas.hamstrings.L	-1.0334827	-1.0346048	0.01372162	
iliopsoas.glut_max.L	0.18224644	0.17872316	0.0065784283	
iliopsoas.L         	0.089173699	0.088975344	0.001755971	
iliopsoas.hamstrings.F	0.15601453	0.16020079	0.0088027256	
iliopsoas.glut_max.F	0.11853011	0.11836343	0.0014488603	
iliopsoas.F         	0.58377067	0.58421097	0.0067639478	
iliopsoas.DP        	0.034044647	0.034469949	0.00080151239	
iliopsoas.DV        	0.13498664	0.13585804	0.00077859793	
vasti.hamstrings.L  	0.011509372	0.013088987	0.00079491698	
vasti.L             	-0.10831859	-0.10870676	0.0013814903	
vasti.gastroc.L     	0.25448422	0.25655631	0.0030033552	
vasti.hamstrings.F  	0.16808677	0.16753517	0.0015017449	
vasti.F             	0.60515147	0.60969483	0.0091451216	
vasti.gastroc.F     	-0.20161179	-0.20131595	0.002245864	
vasti.DP            	0.070070439	0.06958149	0.00082475112	
vasti.DV            	0.10085578	0.10038197	0.00081960826	
gastroc.vasti.L     	-0.34834669	-0.34976515	0.0019336024	
gastroc.L           	0.056388451	0.058429075	0.0013707704	
gastroc.tib_ant.L   	-0.016578542	-0.015841638	0.00238916	
gastroc.vasti.F     	0.0023067746	0.0010644886	0.0026535736	
gastroc.F           	1.9084334	1.920702	0.011157894	
gastroc.tib_ant.F   	-2.4696616	-2.480252	0.0087213968	
gastroc.DP          	-0.092882792	-0.092930749	0.00071638557	
gastroc.DV          	0.039993448	0.039380166	0.00082176943	
soleus.L            	0.16620416	0.16501989	0.0011556424	
soleus.tib_ant.L    	-0.083879833	-0.083343188	0.00080301879	
soleus.F            	1.5207083	1.5070549	0.0075808546	
soleus.tib_ant.F    	-0.31138982	-0.31053814	0.0030489748	
soleus.DP           	0.0999126	0.099812387	0.00083717902	
soleus.DV           	0.050496632	0.049721225	0.00070538555	
tib_ant.gastroc.L   	-0.001825296	-0.0031071903	0.0010741751	
tib_ant.soleus.L    	-0.4683993	-0.4723467	0.0055390165	
tib_ant.L           	-0.020304123	-0.019513609	0.0016004268	
tib_ant.gastroc.F   	-0.074556596	-0.073517477	0.0010179873	
tib_ant.soleus.F    	-0.62446354	-0.6307197	0.0038646016	
tib_ant.F           	0.3795708	0.37984685	0.0025951038	
tib_ant.DP          	0.042976167	0.041951106	0.00078914734	
tib_ant.DV          	0.031876445	0.031516955	0.00078784125	
