N0_l.C0             	-0.2686785	-0.2665193	0.001578263	
N0_l.hamstrings_r.L 	0.061317607	0.062833228	0.0015758018	
N0_l.glut_max_r.L   	-0.06049433	-0.063156377	0.0015812799	
N0_l.iliopsoas_r.L  	0.038495336	0.038161365	0.0015789188	
N0_l.vasti_r.L      	0.41955721	0.41894814	0.0015725778	
N0_l.gastroc_r.L    	1.2573639	1.2562839	0.0016271998	
N0_l.soleus_r.L     	0.30005528	0.30122404	0.0016169489	
N0_l.tib_ant_r.L    	0.48803664	0.48760361	0.0016041274	
N0_l.hamstrings_l.L 	1.0660494	1.0644269	0.0015886655	
N0_l.glut_max_l.L   	0.21286637	0.21325855	0.0015821535	
N0_l.iliopsoas_l.L  	0.08617862	0.084314798	0.0015783991	
N0_l.vasti_l.L      	-0.17463046	-0.17337263	0.001578784	
N0_l.gastroc_l.L    	-0.80791758	-0.80832732	0.0015714798	
N0_l.soleus_l.L     	0.12926708	0.12790576	0.0015921554	
N0_l.tib_ant_l.L    	-1.0912765	-1.0886063	0.0016011665	
N0_l.hamstrings_r.F 	0.53196134	0.53059747	0.0016097887	
N0_l.glut_max_r.F   	0.018304901	0.018181801	0.001581592	
N0_l.iliopsoas_r.F  	0.67389952	0.67528156	0.0015952249	
N0_l.vasti_r.F      	0.20652327	0.20544532	0.0016062991	
N0_l.gastroc_r.F    	-0.04620231	-0.046357431	0.0015868457	
N0_l.soleus_r.F     	0.19823509	0.19918874	0.001612641	
N0_l.tib_ant_r.F    	0.083330318	0.082066644	0.0015817453	
N0_l.hamstrings_l.F 	-0.81702649	-0.81793158	0.0015791391	
N0_l.glut_max_l.F   	-1.4394492	-1.4392564	0.001628255	
N0_l.iliopsoas_l.F  	-0.43616976	-0.43520225	0.0015771215	
N0_l.vasti_l.F      	0.18309299	0.18378455	0.0015751717	
N0_l.gastroc_l.F    	-0.78199169	-0.78317348	0.0016145397	
N0_l.soleus_l.F     	0.074496632	0.074832875	0.0015837995	
N0_l.tib_ant_l.F    	-1.0205609	-1.0226626	0.0015835943	
N0_l.pelvis_tilt.DP 	0.31614959	0.31599289	0.0016110817	
N0_l.pelvis_tilt.DV 	-0.053581735	-0.05429063	0.0016036833	
N1_l.C0             	0.23306087	0.23330751	0.0015942546	
N1_l.hamstrings_r.L 	0.67319092	0.6734721	0.0015904567	
N1_l.glut_max_r.L   	-0.27034375	-0.27195386	0.0015820605	
N1_l.iliopsoas_r.L  	0.27762775	0.27567812	0.001581822	
N1_l.vasti_r.L      	1.1119092	1.1119777	0.0015863013	
N1_l.gastroc_r.L    	0.12615073	0.12664807	0.0015798978	
N1_l.soleus_r.L     	-0.4336651	-0.43296659	0.001595757	
N1_l.tib_ant_r.L    	0.55925734	0.55723798	0.0015623756	
N1_l.hamstrings_l.L 	-0.66889003	-0.67029681	0.0016020716	
N1_l.glut_max_l.L   	-0.22363649	-0.21992435	0.0015836539	
N1_l.iliopsoas_l.L  	-1.162382	-1.1618084	0.0015816854	
N1_l.vasti_l.L      	0.14439166	0.14387982	0.0015833332	
N1_l.gastroc_l.L    	0.2996404	0.29768452	0.0015750514	
N1_l.soleus_l.L     	0.044538533	0.045702935	0.0015774368	
N1_l.tib_ant_l.L    	-0.69751287	-0.6964314	0.001570368	
N1_l.hamstrings_r.F 	-0.29860179	-0.29807368	0.0015843495	
N1_l.glut_max_r.F   	-1.0245954	-1.0226912	0.0015950103	
N1_l.iliopsoas_r.F  	0.67474018	0.67588719	0.0015986697	
N1_l.vasti_r.F      	-1.1373718	-1.1371659	0.0015927818	
N1_l.gastroc_r.F    	0.52081621	0.52077293	0.0015792434	
N1_l.soleus_r.F     	-0.81702143	-0.81727339	0.0015962921	
N1_l.tib_ant_r.F    	-0.14122078	-0.14071069	0.0015770162	
N1_l.hamstrings_l.F 	-0.065264878	-0.065311059	0.0015891827	
N1_l.glut_max_l.F   	0.87224903	0.87361366	0.0015775303	
N1_l.iliopsoas_l.F  	0.15545904	0.15335157	0.0015970676	
N1_l.vasti_l.F      	0.26206137	0.26112525	0.0016042789	
N1_l.gastroc_l.F    	0.70724879	0.70899169	0.0015690691	
N1_l.soleus_l.F     	0.19899155	0.19695634	0.0015921339	
N1_l.tib_ant_l.F    	0.33529606	0.3389021	0.001571834	
N1_l.pelvis_tilt.DP 	-0.077497399	-0.077591357	0.0015954149	
N1_l.pelvis_tilt.DV 	-0.51123439	-0.51249204	0.0015426805	
N2_l.C0             	0.89599963	0.89421378	0.0015721003	
N2_l.hamstrings_r.L 	0.50678748	0.50613556	0.0016080991	
N2_l.glut_max_r.L   	-0.29962678	-0.29765154	0.0015607426	
N2_l.iliopsoas_r.L  	0.0084439987	0.0088750434	0.0015619479	
N2_l.vasti_r.L      	-0.69104029	-0.69354722	0.001588631	
N2_l.gastroc_r.L    	-0.40409092	-0.40210359	0.0015753037	
N2_l.soleus_r.L     	0.14019654	0.14210343	0.0015658829	
N2_l.tib_ant_r.L    	-0.45380455	-0.45353616	0.001592405	
N2_l.hamstrings_l.L 	0.23336009	0.23393121	0.0016181385	
N2_l.glut_max_l.L   	1.2405451	1.2411366	0.0015692249	
N2_l.iliopsoas_l.L  	-0.2436047	-0.24412575	0.0015815977	
N2_l.vasti_l.L      	-0.040501982	-0.040184031	0.0016231961	
N2_l.gastroc_l.L    	-0.2789288	-0.27605321	0.0015677739	
N2_l.soleus_l.L     	0.19642833	0.19592879	0.0015681155	
N2_l.tib_ant_l.L    	0.67912131	0.68045604	0.0015967317	
N2_l.hamstrings_r.F 	1.2103952	1.2126841	0.0015808143	
N2_l.glut_max_r.F   	-1.1129109	-1.1115195	0.0015804355	
N2_l.iliopsoas_r.F  	0.11353504	0.11433953	0.0015736482	
N2_l.vasti_r.F      	0.39308808	0.39244283	0.0015856739	
N2_l.gastroc_r.F    	1.3249514	1.3238402	0.0015729898	
N2_l.soleus_r.F     	0.071161938	0.069142826	0.0015931367	
N2_l.tib_ant_r.F    	-1.1505264	-1.1486889	0.0016175346	
N2_l.hamstrings_l.F 	0.7944857	0.79371628	0.0015823304	
N2_l.glut_max_l.F   	-0.1054667	-0.1052514	0.0015646137	
N2_l.iliopsoas_l.F  	-0.27372541	-0.27472033	0.0015769671	
N2_l.vasti_l.F      	0.77192391	0.77355167	0.0016007573	
N2_l.gastroc_l.F    	0.65714513	0.65778712	0.0015861202	
N2_l.soleus_l.F     	-0.23625394	-0.23718472	0.0015803737	
N2_l.tib_ant_l.F    	0.66305285	0.66130781	0.0015837323	
N2_l.pelvis_tilt.DP 	1.0711506	1.0692168	0.0015866895	
N2_l.pelvis_tilt.DV 	0.0026292174	0.0026728964	0.0015357276	
N3_l.C0             	0.23381562	0.23436222	0.0016027216	
N3_l.hamstrings_r.L 	-0.73774001	-0.73849373	0.0015761855	
N3_l.glut_max_r.L   	-0.48103607	-0.48215269	0.0016133486	
N3_l.iliopsoas_r.L  	0.56123735	0.56223984	0.0016099027	
N3_l.vasti_r.L      	-0.06922834	-0.067195121	0.0015807479	
N3_l.gastroc_r.L    	-0.41544955	-0.41522171	0.0015880702	
N3_l.soleus_r.L     	-0.98537271	-0.98223508	0.0015830773	
N3_l.tib_ant_r.L    	1.1140901	1.1133961	0.0016023928	
N3_l.hamstrings_l.L 	-0.24231595	-0.24037625	0.0015976678	
N3_l.glut_max_l.L   	0.40577948	0.40829191	0.0016058787	
N3_l.iliopsoas_l.L  	0.0024541428	0.0026161702	0.0015744255	
N3_l.vasti_l.L      	-0.64828965	-0.64594058	0.0016867136	
N3_l.gastroc_l.L    	-0.56897239	-0.57042917	0.0015679267	
N3_l.soleus_l.L     	-0.68530485	-0.68488972	0.0016313197	
N3_l.tib_ant_l.L    	0.35716438	0.35614288	0.0015870399	
N3_l.hamstrings_r.F 	-0.40092895	-0.40362451	0.0015733036	
N3_l.glut_max_r.F   	0.40892252	0.406941	0.0015779642	
N3_l.iliopsoas_r.F  	0.94330733	0.9422827	0.0015907438	
N3_l.vasti_r.F      	-0.21415716	-0.21459954	0.0015975119	
N3_l.gastroc_r.F    	0.58541132	0.58161002	0.0015762937	
N3_l.soleus_r.F     	-0.56065619	-0.56159072	0.0015656719	
N3_l.tib_ant_r.F    	0.19262875	0.19154274	0.0015937432	
N3_l.hamstrings_l.F 	0.61852775	0.61835125	0.0015986006	
N3_l.glut_max_l.F   	-0.90113983	-0.90231619	0.0015952137	
N3_l.iliopsoas_l.F  	-0.90676955	-0.9073759	0.0015896473	
N3_l.vasti_l.F      	-0.67591863	-0.67506682	0.0015841401	
N3_l.gastroc_l.F    	-0.34863778	-0.34813166	0.0015789136	
N3_l.soleus_l.F     	-0.52783748	-0.52929009	0.0015949823	
N3_l.tib_ant_l.F    	0.053884192	0.054581929	0.0015966657	
N3_l.pelvis_tilt.DP 	-1.6187209	-1.621495	0.0016255726	
N3_l.pelvis_tilt.DV 	0.6942421	0.69382162	0.0015728935	
N0_r.C0             	0.49488462	0.49429433	0.001555853	
N0_r.hamstrings_l.L 	0.55968254	0.55784084	0.0015787674	
N0_r.glut_max_l.L   	0.24865753	0.24828275	0.0015823817	
N0_r.iliopsoas_l.L  	0.37180945	0.37178166	0.0015807791	
N0_r.vasti_l.L      	0.17037162	0.16855562	0.0015888869	
N0_r.gastroc_l.L    	-1.4340846	-1.4354358	0.0015883615	
N0_r.soleus_l.L     	1.7194986	1.719244	0.0016122033	
N0_r.tib_ant_l.L    	0.3722161	0.37417237	0.0016041882	
N0_r.hamstrings_r.L 	0.11181076	0.11062089	0.0016208625	
N0_r.glut_max_r.L   	0.25705158	0.25578805	0.0016043685	
N0_r.iliopsoas_r.L  	-0.62571466	-0.62539231	0.001596403	
N0_r.vasti_r.L      	-0.28574524	-0.28509461	0.0015699465	
N0_r.gastroc_r.L    	0.52265255	0.52584195	0.0015979512	
N0_r.soleus_r.L     	-0.22850173	-0.2285713	0.0016178092	
N0_r.tib_ant_r.L    	1.0455012	1.0432074	0.0015820936	
N0_r.hamstrings_l.F 	-0.67513782	-0.67685284	0.0015764234	
N0_r.glut_max_l.F   	-1.3557024	-1.3543764	0.0016010974	
N0_r.iliopsoas_l.F  	-0.00063716541	0.0016398472	0.0015863899	
N0_r.vasti_l.F      	-0.44442827	-0.44407809	0.0015858347	
N0_r.gastroc_l.F    	0.069965581	0.067831095	0.0015831418	
N0_r.soleus_l.F     	0.026799457	0.025737999	0.0015596276	
N0_r.tib_ant_l.F    	-0.23887521	-0.24011088	0.0015787259	
N0_r.hamstrings_r.F 	-0.65937788	-0.65817657	0.0016054976	
N0_r.glut_max_r.F   	-0.42790519	-0.42486321	0.0016176618	
N0_r.iliopsoas_r.F  	1.1228799	1.1227579	0.0016177344	
N0_r.vasti_r.F      	0.13246262	0.13051754	0.0015819529	
N0_r.gastroc_r.F    	-0.5615509	-0.56197905	0.0015914473	
N0_r.soleus_r.F     	2.2804111	2.2808807	0.0016003951	
N0_r.tib_ant_r.F    	0.36259065	0.36427061	0.001610951	
N0_r.pelvis_tilt.DP 	0.72873299	0.72872365	0.001580751	
N0_r.pelvis_tilt.DV 	-0.29381393	-0.29261596	0.0015834445	
N1_r.C0             	-1.0427131	-1.0416956	0.0015935862	
N1_r.hamstrings_l.L 	0.35595072	0.35549055	0.0015789056	
N1_r.glut_max_l.L   	0.033063177	0.033060406	0.0015638429	
N1_r.iliopsoas_l.L  	-1.5780492	-1.5780742	0.0015868079	
N1_r.vasti_l.L      	-1.3768925	-1.3752041	0.0016070409	
N1_r.gastroc_l.L    	0.75728553	0.75729448	0.0015847108	
N1_r.soleus_l.L     	-0.051441276	-0.051679128	0.0015821983	
N1_r.tib_ant_l.L    	0.56003999	0.56095949	0.0015987217	
N1_r.hamstrings_r.L 	0.55716508	0.55673057	0.0015817221	
N1_r.glut_max_r.L   	0.23750496	0.23616991	0.0015662004	
N1_r.iliopsoas_r.L  	0.44834988	0.45182209	0.0015796497	
N1_r.vasti_r.L      	0.47252522	0.47383149	0.0016009337	
N1_r.gastroc_r.L    	-0.07446108	-0.07352162	0.0015762587	
N1_r.soleus_r.L     	-0.62050796	-0.62170095	0.0016028385	
N1_r.tib_ant_r.L    	0.16051456	0.15895555	0.001604788	
N1_r.hamstrings_l.F 	-0.019033521	-0.020166481	0.0015980306	
N1_r.glut_max_l.F   	0.25143267	0.25109483	0.0015963356	
N1_r.iliopsoas_l.F  	0.015400013	0.016251062	0.0015608411	
N1_r.vasti_l.F      	0.82453022	0.82343387	0.0015879188	
N1_r.gastroc_l.F    	0.84764201	0.84772395	0.0015730132	
N1_r.soleus_l.F     	-0.57950734	-0.58320326	0.0015971583	
N1_r.tib_ant_l.F    	0.16210538	0.16099629	0.0015613893	
N1_r.hamstrings_r.F 	1.2849776	1.2865249	0.0015936605	
N1_r.glut_max_r.F   	0.23384305	0.23328697	0.0015827973	
N1_r.iliopsoas_r.F  	0.54439898	0.54429954	0.0016833055	
N1_r.vasti_r.F      	-0.48880574	-0.48756465	0.0015791759	
N1_r.gastroc_r.F    	-0.10456757	-0.10434909	0.0015858684	
N1_r.soleus_r.F     	-0.027400335	-0.026649559	0.0015783045	
N1_r.tib_ant_r.F    	-0.061318713	-0.059740065	0.0015654668	
N1_r.pelvis_tilt.DP 	-0.43004438	-0.42751329	0.0016361288	
N1_r.pelvis_tilt.DV 	-0.47579162	-0.47678458	0.0015442288	
N2_r.C0             	0.36267088	0.36131425	0.0016020404	
N2_r.hamstrings_l.L 	-0.17177063	-0.17127055	0.0015672133	
N2_r.glut_max_l.L   	0.97005126	0.97077831	0.0015723945	
N2_r.iliopsoas_l.L  	0.50094778	0.50193084	0.0015687052	
N2_r.vasti_l.L      	-0.097213711	-0.095734356	0.0015694646	
N2_r.gastroc_l.L    	-0.6815968	-0.68207521	0.0015765793	
N2_r.soleus_l.L     	-0.065224416	-0.066825922	0.0015769789	
N2_r.tib_ant_l.L    	0.24390883	0.23955194	0.0015940296	
N2_r.hamstrings_r.L 	-0.84051452	-0.84086365	0.0015807449	
N2_r.glut_max_r.L   	-0.61124881	-0.61256249	0.0015592613	
N2_r.iliopsoas_r.L  	0.18627231	0.18622458	0.0015942003	
N2_r.vasti_r.L      	-0.16227809	-0.1630407	0.0015757533	
N2_r.gastroc_r.L    	0.65407922	0.65306749	0.001587591	
N2_r.soleus_r.L     	0.63108158	0.63188655	0.0016059639	
N2_r.tib_ant_r.L    	-0.12743955	-0.12637974	0.001563686	
N2_r.hamstrings_l.F 	-0.61129777	-0.60886065	0.0015802394	
N2_r.glut_max_l.F   	-0.96703851	-0.96627519	0.0015900738	
N2_r.iliopsoas_l.F  	-0.7713497	-0.76982343	0.0015855484	
N2_r.vasti_l.F      	0.011402084	0.011158819	0.0015756798	
N2_r.gastroc_l.F    	-0.81262235	-0.81076292	0.0015947606	
N2_r.soleus_l.F     	0.080490007	0.080754297	0.0016019548	
N2_r.tib_ant_l.F    	0.35024577	0.35123115	0.0015697994	
N2_r.hamstrings_r.F 	0.039677061	0.039500662	0.0015778068	
N2_r.glut_max_r.F   	0.20128133	0.2004396	0.00158329	
N2_r.iliopsoas_r.F  	0.65402975	0.65448284	0.0015744493	
N2_r.vasti_r.F      	0.29900798	0.29878333	0.0015782563	
N2_r.gastroc_r.F    	1.1336406	1.1334603	0.0015804572	
N2_r.soleus_r.F     	0.25369308	0.25114214	0.0015756413	
N2_r.tib_ant_r.F    	0.32617404	0.32713268	0.0015797782	
N2_r.pelvis_tilt.DP 	0.36660681	0.36475878	0.0015627856	
N2_r.pelvis_tilt.DV 	0.062627155	0.06483983	0.0015498257	
N3_r.C0             	-0.73460735	-0.73650035	0.0015850314	
N3_r.hamstrings_l.L 	-0.023620795	-0.026160644	0.0015936023	
N3_r.glut_max_l.L   	-0.21316056	-0.21316867	0.0015895419	
N3_r.iliopsoas_l.L  	0.39139999	0.39378811	0.0016034981	
N3_r.vasti_l.L      	-0.090241262	-0.090039306	0.0016380384	
N3_r.gastroc_l.L    	-0.057590789	-0.056431588	0.0015907714	
N3_r.soleus_l.L     	0.019655484	0.01890743	0.0015799773	
N3_r.tib_ant_l.L    	2.1920535	2.1925223	0.0015996524	
N3_r.hamstrings_r.L 	-1.0575687	-1.0581565	0.0016439882	
N3_r.glut_max_r.L   	-0.57869185	-0.57880266	0.0015757233	
N3_r.iliopsoas_r.L  	-0.26252504	-0.25925115	0.001592965	
N3_r.vasti_r.L      	0.58011946	0.58085839	0.0015884178	
N3_r.gastroc_r.L    	-0.68003891	-0.67989299	0.0015798943	
N3_r.soleus_r.L     	0.40461237	0.40052982	0.0016387693	
N3_r.tib_ant_r.L    	-0.021995755	-0.022331399	0.0015842868	
N3_r.hamstrings_l.F 	0.99894203	0.99900603	0.0016044113	
N3_r.glut_max_l.F   	-0.094304323	-0.093150482	0.0015894663	
N3_r.iliopsoas_l.F  	-0.44676037	-0.44679315	0.0016088658	
N3_r.vasti_l.F      	0.072831406	0.072126346	0.001579275	
N3_r.gastroc_l.F    	-0.25919195	-0.25842321	0.0016238015	
N3_r.soleus_l.F     	0.091137686	0.092822432	0.001589899	
N3_r.tib_ant_l.F    	-0.20655725	-0.20639975	0.0016054454	
N3_r.hamstrings_r.F 	-0.0027056033	-0.0038466416	0.001627078	
N3_r.glut_max_r.F   	-0.54122401	-0.54173	0.001610772	
N3_r.iliopsoas_r.F  	1.1793212	1.1777476	0.0016206503	
N3_r.vasti_r.F      	-0.75370331	-0.75134245	0.0015984341	
N3_r.gastroc_r.F    	0.87047942	0.87190406	0.0015772119	
N3_r.soleus_r.F     	0.57889393	0.57786024	0.001591872	
N3_r.tib_ant_r.F    	0.31693049	0.31393244	0.0015842947	
N3_r.pelvis_tilt.DP 	-0.10263232	-0.1023836	0.0016312883	
N3_r.pelvis_tilt.DV 	0.68273363	0.68037551	0.0015842485	
hamstrings.N0_r     	-0.26418473	-0.26257166	0.0015718223	
hamstrings.N1_r     	-0.062143157	-0.061471816	0.0015713436	
hamstrings.N2_r     	-0.32794785	-0.32939045	0.0015812693	
hamstrings.N3_r     	-0.064342233	-0.059730585	0.0016136054	
hamstrings.N0_l     	-0.8604674	-0.85766044	0.0015758256	
hamstrings.N1_l     	0.38295203	0.38149848	0.0015059229	
hamstrings.N2_l     	-0.019361811	-0.017112557	0.0015408453	
hamstrings.N3_l     	-0.15707686	-0.1590163	0.0015703822	
glut_max.N0_r       	-1.0203548	-1.0219953	0.0015780903	
glut_max.N1_r       	-0.50738198	-0.50663429	0.0015995636	
glut_max.N2_r       	-0.94577378	-0.94639602	0.0016048453	
glut_max.N3_r       	-0.26719705	-0.26892253	0.001598852	
glut_max.N0_l       	-0.70392819	-0.70240088	0.0015979775	
glut_max.N1_l       	-1.3240466	-1.3232059	0.0015896988	
glut_max.N2_l       	-0.062492986	-0.062066681	0.0015692848	
glut_max.N3_l       	-0.39093478	-0.38966979	0.0015957145	
iliopsoas.N0_r      	0.29001151	0.29124456	0.0015972866	
iliopsoas.N1_r      	0.23423185	0.23433879	0.0015175803	
iliopsoas.N2_r      	0.31215893	0.31219197	0.0014960577	
iliopsoas.N3_r      	0.40777732	0.40788277	0.0015366994	
iliopsoas.N0_l      	0.29669838	0.29608965	0.001578949	
iliopsoas.N1_l      	-0.87915363	-0.87886088	0.0015731399	
iliopsoas.N2_l      	-0.73650527	-0.73353085	0.0016021969	
iliopsoas.N3_l      	-0.76809715	-0.76841418	0.0016124583	
vasti.N0_r          	0.57458174	0.57775669	0.0015674786	
vasti.N1_r          	-0.40919124	-0.41158268	0.0015480394	
vasti.N2_r          	-0.085313277	-0.085281231	0.0015458439	
vasti.N3_r          	-0.22575261	-0.22514314	0.001576097	
vasti.N0_l          	-0.26689448	-0.26844287	0.0016132389	
vasti.N1_l          	0.46238994	0.46253296	0.0014922056	
vasti.N2_l          	0.24252504	0.24159591	0.0015040802	
vasti.N3_l          	-0.098819148	-0.098474557	0.0015416514	
gastroc.N0_r        	-0.14487037	-0.1453453	0.0015735554	
gastroc.N1_r        	-0.11915598	-0.11944152	0.0015428992	
gastroc.N2_r        	0.78116003	0.78050444	0.001538108	
gastroc.N3_r        	0.126189	0.12722159	0.0015759481	
gastroc.N0_l        	0.21585028	0.21722148	0.001605986	
gastroc.N1_l        	0.059842771	0.059080842	0.0014820009	
gastroc.N2_l        	-0.63872895	-0.63519957	0.0015814174	
gastroc.N3_l        	-0.0079684161	-0.0073289192	0.0015588934	
soleus.N0_r         	0.3036951	0.30347455	0.0015742908	
soleus.N1_r         	-0.091084705	-0.091678827	0.0015239055	
soleus.N2_r         	0.19993331	0.19945626	0.0014488594	
soleus.N3_r         	-0.11223561	-0.11074926	0.0014946188	
soleus.N0_l         	-0.32526205	-0.32445204	0.0015826396	
soleus.N1_l         	0.042811602	0.039432047	0.0014840035	
soleus.N2_l         	-1.0072331	-1.008293	0.0015814584	
soleus.N3_l         	0.06436033	0.066191804	0.001575624	
tib_ant.N0_r        	-0.39055557	-0.38838084	0.0015940135	
tib_ant.N1_r        	0.15680629	0.15719708	0.0014536964	
tib_ant.N2_r        	-0.18744079	-0.18860271	0.00157565	
tib_ant.N3_r        	0.11445424	0.11421474	0.0015402401	
tib_ant.N0_l        	0.041827256	0.043713048	0.0016153451	
tib_ant.N1_l        	0.057429604	0.055864788	0.0015173745	
tib_ant.N2_l        	-0.016947165	-0.017285751	0.0014614987	
tib_ant.N3_l        	-0.028869434	-0.028186806	0.0014999516	
