N0.C0               	0.032777032	0.033253181	0.00097801822	
N0.hamstrings_r.L   	1.0139099	1.0142346	0.0010654156	
N0.glut_max_r.L     	-0.035065458	-0.033668571	0.00090750158	
N0.iliopsoas_r.L    	0.084344135	0.083225035	0.00099806749	
N0.vasti_r.L        	-0.62835346	-0.62828239	0.00094193392	
N0.gastroc_r.L      	0.55056014	0.55136349	0.0011790438	
N0.soleus_r.L       	0.2484666	0.25034946	0.0010344221	
N0.tib_ant_r.L      	0.24965105	0.24836765	0.0014722417	
N0.hamstrings_l.L   	0.41702111	0.41693873	0.0010909281	
N0.glut_max_l.L     	-0.67452643	-0.67193275	0.0016994509	
N0.iliopsoas_l.L    	1.4674717	1.4663653	0.0011753565	
N0.vasti_l.L        	-1.4490126	-1.4472172	0.0013423266	
N0.gastroc_l.L      	1.0579621	1.056043	0.0010415467	
N0.soleus_l.L       	-0.92200749	-0.92103914	0.00088434333	
N0.tib_ant_l.L      	-0.29535933	-0.29781277	0.00099606563	
N0.hamstrings_r.F   	-0.89766611	-0.89924356	0.001103369	
N0.glut_max_r.F     	1.6934027	1.69228	0.0012173314	
N0.iliopsoas_r.F    	-1.0860261	-1.0834825	0.0010271785	
N0.vasti_r.F        	0.31149687	0.31032063	0.00088149488	
N0.gastroc_r.F      	-0.79930315	-0.79723643	0.0010941184	
N0.soleus_r.F       	-0.083437645	-0.082733021	0.00099392215	
N0.tib_ant_r.F      	0.74209172	0.74050688	0.0015150289	
N0.hamstrings_l.F   	-0.43108721	-0.43271577	0.00085312022	
N0.glut_max_l.F     	0.72944358	0.7288156	0.00083043624	
N0.iliopsoas_l.F    	-0.56630861	-0.56447128	0.00097450851	
N0.vasti_l.F        	-0.76041243	-0.76036952	0.0011769563	
N0.gastroc_l.F      	-1.0001387	-1.0007182	0.00088174813	
N0.soleus_l.F       	-0.42994384	-0.42633907	0.0021732622	
N0.tib_ant_l.F      	-0.049251398	-0.049734672	0.00091154444	
N0.pelvis_tilt.DP   	0.67745056	0.67647783	0.0013585931	
N0.pelvis_tilt.DV   	1.1385349	1.1385809	0.00078964306	
hamstrings.N0_r     	-1.2558801	-1.2556038	0.0010468811	
hamstrings.N0_l     	-0.075322767	-0.075304667	0.0009147448	
hamstrings.L        	0.53803093	0.5357845	0.0017225531	
hamstrings.iliopsoas.L	0.48318691	0.48096654	0.0012203356	
hamstrings.vasti.L  	0.020508759	0.023320154	0.00099104239	
hamstrings.F        	0.78001456	0.7813454	0.00084536132	
hamstrings.iliopsoas.F	-0.30166791	-0.30062695	0.0010209979	
hamstrings.vasti.F  	0.78357621	0.78359442	0.00093585011	
glut_max.N0_r       	0.13752992	0.13704032	0.0012170024	
glut_max.N0_l       	-0.68765564	-0.68604524	0.0013201007	
glut_max.L          	0.73671972	0.73632137	0.0010210409	
glut_max.iliopsoas.L	1.1635587	1.1618827	0.00088990589	
glut_max.F          	0.056919182	0.05886164	0.00095353931	
glut_max.iliopsoas.F	-0.36587982	-0.3680735	0.00096730535	
iliopsoas.N0_r      	0.31257702	0.3114863	0.00086859809	
iliopsoas.N0_l      	0.91938922	0.9195276	0.00083254277	
iliopsoas.hamstrings.L	-2.8108284	-2.8071327	0.0019271863	
iliopsoas.glut_max.L	2.2294069	2.225519	0.0019540291	
iliopsoas.L         	0.22324607	0.22285608	0.00078391912	
iliopsoas.hamstrings.F	-1.2291665	-1.2290354	0.00087633911	
iliopsoas.glut_max.F	0.71709626	0.71631557	0.00093499491	
iliopsoas.F         	0.97814167	0.97683235	0.00078756621	
vasti.N0_r          	-0.92135752	-0.92115341	0.00099037657	
vasti.N0_l          	-0.74983584	-0.74934844	0.00090367165	
vasti.hamstrings.L  	0.09746399	0.096876755	0.00084706301	
vasti.L             	-0.25213072	-0.25248134	0.0006902699	
vasti.gastroc.L     	0.34310492	0.34291468	0.0016904346	
vasti.hamstrings.F  	0.13458892	0.1350792	0.00075336344	
vasti.F             	0.99117293	0.99049097	0.0007540739	
vasti.gastroc.F     	-0.16022271	-0.16020759	0.00073093154	
gastroc.N0_r        	-0.33673601	-0.33715823	0.0010857478	
gastroc.N0_l        	-0.011001005	-0.011330528	0.00067807247	
gastroc.vasti.L     	-0.1018039	-0.10201331	0.00074615615	
gastroc.L           	0.18923521	0.18849453	0.00083995877	
gastroc.tib_ant.L   	0.15222965	0.15171146	0.00075635444	
gastroc.vasti.F     	0.14748878	0.14686261	0.00069179871	
gastroc.F           	1.3080861	1.307008	0.00056610055	
gastroc.tib_ant.F   	-0.41817779	-0.4190724	0.0012909912	
soleus.N0_r         	-0.44026192	-0.43969689	0.00096244914	
soleus.N0_l         	0.00087963676	0.00090795704	0.00050368664	
soleus.L            	0.11730022	0.11598164	0.00088295874	
soleus.tib_ant.L    	-0.052277719	-0.051988764	0.00055332958	
soleus.F            	1.0031154	1.0037108	0.00082017294	
soleus.tib_ant.F    	-0.19295863	-0.19285027	0.0012869925	
tib_ant.N0_r        	-0.0020652488	-0.0020686506	0.00039420017	
tib_ant.N0_l        	-0.0031521058	-0.0020762081	0.00060419073	
tib_ant.gastroc.L   	-0.00022800908	0.00045947813	0.00054708597	
tib_ant.soleus.L    	-0.94112354	-0.94194076	0.00081506668	
tib_ant.L           	-0.19416095	-0.19370845	0.00050690779	
tib_ant.gastroc.F   	0.0037864695	0.0038433098	0.00050352999	
tib_ant.soleus.F    	-0.41125244	-0.41092269	0.00078803704	
tib_ant.F           	-0.30354492	-0.30249625	0.0011817869	
