hamstrings.hamstrings_l.L	-1.5957837	-1.144521	0.33546856	
hamstrings.glut_max_l.L	1.1830058	1.342974	0.33579443	
hamstrings.iliopsoas_l.L	-0.30723829	-0.38702381	0.33564748	
hamstrings.vasti_l.L	2.0090195	1.9160136	0.33562051	
hamstrings.gastroc_l.L	-2.5617768	-2.3323044	0.33617776	
hamstrings.soleus_l.L	-1.3708212	-1.3917483	0.33576839	
hamstrings.tib_ant_l.L	-1.3252736	-1.2901776	0.33585799	
hamstrings.hamstrings_r.L	-1.5987513	-2.0841307	0.3354336	
hamstrings.glut_max_r.L	-2.4046201	-2.1886195	0.33614697	
hamstrings.iliopsoas_r.L	0.34291647	0.042312452	0.33554374	
hamstrings.vasti_r.L	0.28760493	0.56885231	0.33574239	
hamstrings.gastroc_r.L	0.086458956	0.07326585	0.33512874	
hamstrings.soleus_r.L	-0.2345362	-0.272963	0.33548104	
hamstrings.tib_ant_r.L	-3.7117382	-3.9449868	0.33661547	
hamstrings.hamstrings_l.F	-2.3736588	-2.4666603	0.33595652	
hamstrings.glut_max_l.F	-1.8806326	-1.2301324	0.33566973	
hamstrings.iliopsoas_l.F	-0.24110472	-0.039580095	0.33522561	
hamstrings.vasti_l.F	0.07056946	0.00019445318	0.33541087	
hamstrings.gastroc_l.F	1.0283609	0.5733555	0.33568483	
hamstrings.soleus_l.F	3.3404003	3.254487	0.33597178	
hamstrings.tib_ant_l.F	1.8797728	1.602242	0.33550881	
hamstrings.hamstrings_r.F	0.78741012	0.60700496	0.33557598	
hamstrings.glut_max_r.F	0.35566969	0.30105856	0.33540807	
hamstrings.iliopsoas_r.F	-0.26819132	0.029244951	0.33557312	
hamstrings.vasti_r.F	-3.9257	-3.4444556	0.33642381	
hamstrings.gastroc_r.F	0.22950577	0.027774243	0.33561198	
hamstrings.soleus_r.F	1.8720427	1.9369224	0.33598008	
hamstrings.tib_ant_r.F	0.95419824	0.84587545	0.3354008	
hamstrings.pelvis_tilt.DP	0.51043684	0.85161789	0.3353956	
glut_max.hamstrings_l.L	0.0019285109	-0.10153296	0.33566786	
glut_max.glut_max_l.L	-0.55301135	-0.95620024	0.33579705	
glut_max.iliopsoas_l.L	3.4461712	3.2335249	0.33635453	
glut_max.vasti_l.L  	2.1993244	1.9999854	0.33555162	
glut_max.gastroc_l.L	-1.8853419	-1.6898755	0.33558507	
glut_max.soleus_l.L 	-1.2008863	-1.4855231	0.33578036	
glut_max.tib_ant_l.L	-0.54696276	-0.27966351	0.3353227	
glut_max.hamstrings_r.L	0.38637932	0.12706897	0.3354457	
glut_max.glut_max_r.L	-1.6182084	-1.8682159	0.33566287	
glut_max.iliopsoas_r.L	-0.11683396	-0.33287721	0.33589028	
glut_max.vasti_r.L  	2.7846681	3.0458801	0.33644392	
glut_max.gastroc_r.L	-3.278848	-3.1185834	0.33603084	
glut_max.soleus_r.L 	-0.90543233	-1.0554377	0.33529739	
glut_max.tib_ant_r.L	-1.9448939	-1.7851501	0.33576054	
glut_max.hamstrings_l.F	-0.52025843	-0.81620841	0.33537331	
glut_max.glut_max_l.F	-1.2220665	-0.89950734	0.33554826	
glut_max.iliopsoas_l.F	-1.569468	-1.9394592	0.33568848	
glut_max.vasti_l.F  	-0.16003082	0.17342497	0.33548484	
glut_max.gastroc_l.F	0.013419394	0.33569522	0.33568565	
glut_max.soleus_l.F 	1.3822968	1.2548761	0.33603602	
glut_max.tib_ant_l.F	0.019162405	-0.093730633	0.33545968	
glut_max.hamstrings_r.F	-2.5198951	-2.4814611	0.33655427	
glut_max.glut_max_r.F	0.58113911	0.41805347	0.33526251	
glut_max.iliopsoas_r.F	-2.2596787	-2.0022467	0.33570002	
glut_max.vasti_r.F  	-0.73830987	-0.63242337	0.33535254	
glut_max.gastroc_r.F	-1.2946949	-1.2673785	0.33549256	
glut_max.soleus_r.F 	-0.59348711	-0.63319406	0.33571057	
glut_max.tib_ant_r.F	-1.8035772	-2.094848	0.336219	
glut_max.pelvis_tilt.DP	0.47264483	0.072665078	0.3357782	
iliopsoas.hamstrings_l.L	0.21520158	-0.25141838	0.33553999	
iliopsoas.glut_max_l.L	0.099468984	0.069720051	0.33532915	
iliopsoas.iliopsoas_l.L	2.9564199	2.8020156	0.33592929	
iliopsoas.vasti_l.L 	-0.23110148	-0.35729891	0.33537122	
iliopsoas.gastroc_l.L	-2.5342337	-2.6270995	0.33587127	
iliopsoas.soleus_l.L	0.1868341	-0.18821367	0.33519343	
iliopsoas.tib_ant_l.L	-1.0329773	0.0042336653	0.33535976	
iliopsoas.hamstrings_r.L	1.0929285	1.3350793	0.33552222	
iliopsoas.glut_max_r.L	1.7177407	1.5960506	0.33567228	
iliopsoas.iliopsoas_r.L	0.64503136	0.12454585	0.33557347	
iliopsoas.vasti_r.L 	-0.37350945	-0.1137616	0.33551699	
iliopsoas.gastroc_r.L	-1.0002685	-0.6698428	0.33573176	
iliopsoas.soleus_r.L	-0.024356813	-0.52714206	0.33511434	
iliopsoas.tib_ant_r.L	-2.9055818	-2.9138675	0.3362597	
iliopsoas.hamstrings_l.F	-3.2096736	-2.7747811	0.3368578	
iliopsoas.glut_max_l.F	-0.60919465	-0.72508021	0.33547475	
iliopsoas.iliopsoas_l.F	0.68892897	1.1384257	0.33552233	
iliopsoas.vasti_l.F 	-1.2240376	-0.98511783	0.33532348	
iliopsoas.gastroc_l.F	0.47827895	0.5146654	0.33532155	
iliopsoas.soleus_l.F	0.80108143	0.8491791	0.33578073	
iliopsoas.tib_ant_l.F	0.84048182	1.2181561	0.3354573	
iliopsoas.hamstrings_r.F	0.898955	0.62688727	0.33551397	
iliopsoas.glut_max_r.F	-0.49685132	-1.187695	0.33545749	
iliopsoas.iliopsoas_r.F	0.20156804	0.50752607	0.33556851	
iliopsoas.vasti_r.F 	0.74290431	1.34778	0.33561516	
iliopsoas.gastroc_r.F	-1.750192	-1.779788	0.3356467	
iliopsoas.soleus_r.F	1.7269664	1.6056233	0.33599687	
iliopsoas.tib_ant_r.F	0.57633674	0.49549603	0.33545269	
iliopsoas.pelvis_tilt.DP	-0.28838369	-0.15046535	0.33540088	
vasti.hamstrings_l.L	-0.083296648	0.19184201	0.33559277	
vasti.glut_max_l.L  	-2.3353643	-2.4531061	0.33623506	
vasti.iliopsoas_l.L 	-0.23462066	-0.59412124	0.33540249	
vasti.vasti_l.L     	-0.59091598	-0.63137907	0.33549664	
vasti.gastroc_l.L   	-3.035546	-2.8895217	0.33636423	
vasti.soleus_l.L    	-2.4930926	-2.4464147	0.3361307	
vasti.tib_ant_l.L   	0.41873967	0.4923799	0.33545963	
vasti.hamstrings_r.L	-2.240156	-1.9121032	0.33568414	
vasti.glut_max_r.L  	1.6230817	1.6580901	0.33603674	
vasti.iliopsoas_r.L 	0.4422897	-0.1089212	0.33542944	
vasti.vasti_r.L     	1.1323713	1.7708339	0.33581763	
vasti.gastroc_r.L   	-2.5069093	-1.9746384	0.33566999	
vasti.soleus_r.L    	-0.45907432	-0.0042817302	0.33566713	
vasti.tib_ant_r.L   	0.65439782	0.42719241	0.33535495	
vasti.hamstrings_l.F	1.43949	1.0682123	0.33598153	
vasti.glut_max_l.F  	1.2529017	1.6551991	0.33610991	
vasti.iliopsoas_l.F 	1.0546755	0.23319684	0.33548548	
vasti.vasti_l.F     	-1.4028906	-1.107374	0.33557857	
vasti.gastroc_l.F   	-0.30779775	-0.51120383	0.33565242	
vasti.soleus_l.F    	1.5524693	1.2727339	0.33641376	
vasti.tib_ant_l.F   	0.63008761	0.057594245	0.33562203	
vasti.hamstrings_r.F	0.098163013	-0.48117428	0.33585377	
vasti.glut_max_r.F  	3.8259411	3.3368705	0.33638926	
vasti.iliopsoas_r.F 	1.2506129	0.81493228	0.33517762	
vasti.vasti_r.F     	-3.0270199	-3.2999921	0.33639032	
vasti.gastroc_r.F   	2.0979752	2.2509637	0.33565764	
vasti.soleus_r.F    	0.64346497	0.9421046	0.33557094	
vasti.tib_ant_r.F   	1.6245879	1.3442873	0.33536861	
vasti.pelvis_tilt.DP	-2.9106845	-2.9824269	0.33643567	
gastroc.hamstrings_l.L	1.2250779	0.9461246	0.33534959	
gastroc.glut_max_l.L	-2.1416304	-1.9484552	0.33552194	
gastroc.iliopsoas_l.L	-0.45567411	0.27579804	0.33528894	
gastroc.vasti_l.L   	-1.7787746	-1.5638571	0.33546114	
gastroc.gastroc_l.L 	0.039749562	-0.086773355	0.33530458	
gastroc.soleus_l.L  	2.0914854	2.0797508	0.33571349	
gastroc.tib_ant_l.L 	1.6779358	1.4636887	0.33604376	
gastroc.hamstrings_r.L	1.5305718	1.5919459	0.33602819	
gastroc.glut_max_r.L	-0.8167276	-0.68450467	0.33553698	
gastroc.iliopsoas_r.L	-0.56621495	-0.34722438	0.33529632	
gastroc.vasti_r.L   	-1.6059548	-2.0467484	0.33557283	
gastroc.gastroc_r.L 	-0.38943689	-0.66817211	0.33514077	
gastroc.soleus_r.L  	-0.71950538	-0.81024402	0.33525738	
gastroc.tib_ant_r.L 	0.53256386	0.38596514	0.33529429	
gastroc.hamstrings_l.F	0.31759557	0.048050613	0.33558048	
gastroc.glut_max_l.F	-0.85147932	-1.4732416	0.33574751	
gastroc.iliopsoas_l.F	-0.41119746	0.11853056	0.3353405	
gastroc.vasti_l.F   	-3.2950883	-2.7975947	0.33571467	
gastroc.gastroc_l.F 	2.4954926	2.4290491	0.33588959	
gastroc.soleus_l.F  	2.2708355	1.7438616	0.33565649	
gastroc.tib_ant_l.F 	-0.53158719	-0.27254152	0.33574651	
gastroc.hamstrings_r.F	-0.53102191	-0.122986	0.33514571	
gastroc.glut_max_r.F	-1.1678724	-1.1077141	0.3356564	
gastroc.iliopsoas_r.F	0.038705895	-0.20905159	0.3351842	
gastroc.vasti_r.F   	-0.14579083	-0.19159918	0.33554609	
gastroc.gastroc_r.F 	-1.9431812	-2.7890496	0.33609898	
gastroc.soleus_r.F  	-1.6585507	-1.1354869	0.33570959	
gastroc.tib_ant_r.F 	0.61595237	0.40551792	0.33556155	
gastroc.pelvis_tilt.DP	-1.9655654	-1.8932157	0.33568697	
soleus.hamstrings_l.L	-1.4655565	-1.52259	0.33551564	
soleus.glut_max_l.L 	-0.026069989	-0.35879943	0.33566828	
soleus.iliopsoas_l.L	-3.3685355	-3.0009051	0.33684171	
soleus.vasti_l.L    	-0.41088257	-0.53247056	0.33537075	
soleus.gastroc_l.L  	-0.33017562	-0.031941507	0.33536973	
soleus.soleus_l.L   	-0.68050594	-0.1072757	0.3356572	
soleus.tib_ant_l.L  	0.074696578	-0.30842024	0.33558035	
soleus.hamstrings_r.L	0.71041302	0.88626042	0.33550148	
soleus.glut_max_r.L 	-3.5363211	-3.2548517	0.33684499	
soleus.iliopsoas_r.L	-0.034023678	-0.12908092	0.33620593	
soleus.vasti_r.L    	-0.48057062	-1.1804232	0.33586377	
soleus.gastroc_r.L  	-1.5168226	-1.5610169	0.33613889	
soleus.soleus_r.L   	-0.20940978	-0.8279955	0.3354761	
soleus.tib_ant_r.L  	-2.3636181	-1.8976183	0.33620698	
soleus.hamstrings_l.F	-0.5301362	-0.67135397	0.33537127	
soleus.glut_max_l.F 	2.2398828	2.0007708	0.33709419	
soleus.iliopsoas_l.F	-0.082448321	-1.0167146	0.33597305	
soleus.vasti_l.F    	-0.10173595	-0.37057749	0.33555001	
soleus.gastroc_l.F  	0.18921917	0.13955524	0.33540797	
soleus.soleus_l.F   	2.1387043	1.5436058	0.33578478	
soleus.tib_ant_l.F  	2.2821131	2.1977905	0.33613147	
soleus.hamstrings_r.F	0.68510379	0.86960882	0.33514496	
soleus.glut_max_r.F 	1.1045228	1.2421625	0.33562747	
soleus.iliopsoas_r.F	-1.3915489	-1.3088788	0.33541726	
soleus.vasti_r.F    	3.0130533	3.1389557	0.33693094	
soleus.gastroc_r.F  	-3.0866788	-2.6171972	0.33589506	
soleus.soleus_r.F   	1.1300732	0.6684974	0.3358924	
soleus.tib_ant_r.F  	-0.1949836	0.14095798	0.33580369	
soleus.pelvis_tilt.DP	-0.10515325	0.17003383	0.33503892	
tib_ant.hamstrings_l.L	-0.3363602	-0.059787105	0.33538193	
tib_ant.glut_max_l.L	2.0162413	2.4235443	0.33643712	
tib_ant.iliopsoas_l.L	-2.1540789	-2.5586639	0.33656356	
tib_ant.vasti_l.L   	-0.59027494	-0.6387426	0.33563153	
tib_ant.gastroc_l.L 	1.3994478	1.1694144	0.33569201	
tib_ant.soleus_l.L  	-1.7241859	-2.0059573	0.33558522	
tib_ant.tib_ant_l.L 	-0.44866334	-0.46234564	0.33544568	
tib_ant.hamstrings_r.L	1.3852128	1.8157699	0.33552069	
tib_ant.glut_max_r.L	-1.4883626	-1.1149415	0.33535246	
tib_ant.iliopsoas_r.L	-2.2737539	-1.8230585	0.33575303	
tib_ant.vasti_r.L   	-0.14722657	-0.015654337	0.33587517	
tib_ant.gastroc_r.L 	-0.27910075	0.24219545	0.33540667	
tib_ant.soleus_r.L  	-0.55072004	-1.014812	0.33569179	
tib_ant.tib_ant_r.L 	-0.65470177	-0.86157405	0.33667646	
tib_ant.hamstrings_l.F	-0.29098056	-0.55242589	0.33573975	
tib_ant.glut_max_l.F	-0.2717029	-0.26733264	0.33530843	
tib_ant.iliopsoas_l.F	-1.2425423	-1.3280776	0.33549202	
tib_ant.vasti_l.F   	-0.92058452	-0.19971112	0.33572773	
tib_ant.gastroc_l.F 	-2.1132498	-2.2724886	0.33664841	
tib_ant.soleus_l.F  	-0.98407017	-1.0451417	0.33587513	
tib_ant.tib_ant_l.F 	-2.0919191	-2.1669918	0.33610632	
tib_ant.hamstrings_r.F	1.251938	1.0835178	0.33538448	
tib_ant.glut_max_r.F	0.58385804	0.33576183	0.33521909	
tib_ant.iliopsoas_r.F	-1.7896326	-0.83074336	0.33535026	
tib_ant.vasti_r.F   	0.11237746	-0.0029142975	0.33575583	
tib_ant.gastroc_r.F 	-0.054437268	-0.57630266	0.33550511	
tib_ant.soleus_r.F  	1.1429992	0.81972282	0.33583643	
tib_ant.tib_ant_r.F 	4.3753467	4.4730507	0.3376566	
tib_ant.pelvis_tilt.DP	0.50019263	0.52429997	0.335603	
