hamstrings.L        	0.098917679	0.098917667	4.431489e-08	
hamstrings.F        	0.86731364	0.8673136	5.4019052e-08	
glut_max.L          	0.050072931	0.050072959	2.8655007e-08	
glut_max.F          	1.4906253	1.4906254	9.3772194e-08	
iliopsoas.L         	0.30798065	0.30798069	5.2317259e-08	
iliopsoas.F         	0.8391284	0.83912841	2.1047628e-08	
vasti.L             	1.7168295e-09	1.3027962e-09	2.5763061e-09	
vasti.F             	1.1856957	1.1856957	4.2836237e-08	
gastroc.L           	0.33082227	0.33082227	9.6614635e-08	
gastroc.F           	1.2970341	1.2970341	1.1964915e-08	
soleus.L            	0.20929785	0.20929779	5.8771424e-08	
soleus.F            	1.0649059	1.0649059	2.7167747e-08	
tib_ant.L           	0.10024302	0.10024291	6.1807777e-08	
tib_ant.F           	1.3002149	1.3002148	8.7347766e-08	
