N0.C0               	-0.4630928	-0.46300923	0.00089910521	
N0.hamstrings_r.L   	-0.54580564	-0.54740632	0.00099900624	
N0.glut_max_r.L     	0.45356663	0.45337979	0.00081998074	
N0.iliopsoas_r.L    	1.0871927	1.0873551	0.00080899757	
N0.vasti_r.L        	0.34869951	0.34921788	0.00095141432	
N0.gastroc_r.L      	-0.55528079	-0.5560882	0.0010088048	
N0.soleus_r.L       	-0.34194445	-0.34187203	0.0011161008	
N0.tib_ant_r.L      	-0.83743279	-0.83722711	0.0008413824	
N0.hamstrings_l.L   	-0.59751649	-0.59819827	0.00080950577	
N0.glut_max_l.L     	-0.26050638	-0.26054177	0.00080593346	
N0.iliopsoas_l.L    	-0.45091494	-0.45023283	0.00081485812	
N0.vasti_l.L        	0.72993074	0.73136581	0.00093132355	
N0.gastroc_l.L      	1.0481759	1.0481198	0.00089456387	
N0.soleus_l.L       	0.052936355	0.051404793	0.0014243956	
N0.tib_ant_l.L      	0.4791607	0.47895455	0.00091405341	
N0.hamstrings_r.F   	0.82148526	0.82205413	0.00099229634	
N0.glut_max_r.F     	-0.088109066	-0.088485823	0.00079828694	
N0.iliopsoas_r.F    	0.037152262	0.036982731	0.00073929454	
N0.vasti_r.F        	0.60176956	0.6023263	0.00084824902	
N0.gastroc_r.F      	-0.11864197	-0.11915126	0.00071695181	
N0.soleus_r.F       	0.1369855	0.13569906	0.0010876757	
N0.tib_ant_r.F      	-0.41231351	-0.41045927	0.0010308003	
N0.hamstrings_l.F   	-1.1229583	-1.1224109	0.00085957295	
N0.glut_max_l.F     	-0.026883175	-0.026967417	0.00092759424	
N0.iliopsoas_l.F    	0.61207888	0.61179448	0.0012806013	
N0.vasti_l.F        	-0.3941095	-0.39364075	0.00092986939	
N0.gastroc_l.F      	-0.93974959	-0.93980271	0.00099727438	
N0.soleus_l.F       	-1.1535372	-1.1544511	0.0018352037	
N0.tib_ant_l.F      	0.18540001	0.18569966	0.0011218159	
N0.pelvis_tilt.DP   	0.397965	0.3989111	0.00092800799	
N0.pelvis_tilt.DV   	0.73620822	0.73787332	0.00074874044	
N1.C0               	0.006442143	0.0057468157	0.00080805264	
N1.hamstrings_r.L   	0.2267214	0.22675486	0.00076374433	
N1.glut_max_r.L     	-0.45094851	-0.45126018	0.0012484108	
N1.iliopsoas_r.L    	-0.10709491	-0.10772758	0.0012288768	
N1.vasti_r.L        	0.94659547	0.946484	0.0011004223	
N1.gastroc_r.L      	-0.77356441	-0.77472733	0.00092465793	
N1.soleus_r.L       	-2.21452	-2.2149795	0.0017734702	
N1.tib_ant_r.L      	0.21693439	0.21498549	0.00098730883	
N1.hamstrings_l.L   	-0.12259611	-0.12308635	0.0010110571	
N1.glut_max_l.L     	0.65620167	0.65642716	0.00082533796	
N1.iliopsoas_l.L    	1.4114167	1.4126831	0.0015726684	
N1.vasti_l.L        	-0.69547279	-0.69368926	0.00081143934	
N1.gastroc_l.L      	-0.12625874	-0.12652789	0.00080556326	
N1.soleus_l.L       	0.87455857	0.87439821	0.00090477557	
N1.tib_ant_l.L      	0.9023271	0.90295901	0.0016136198	
N1.hamstrings_r.F   	-0.50569824	-0.50533663	0.0010392476	
N1.glut_max_r.F     	1.1868958	1.1861295	0.0014340153	
N1.iliopsoas_r.F    	-0.094527159	-0.093842644	0.0011045864	
N1.vasti_r.F        	-1.4194308	-1.4218931	0.0018007496	
N1.gastroc_r.F      	-0.28159992	-0.2804076	0.0015712293	
N1.soleus_r.F       	0.2691843	0.27031251	0.0024617134	
N1.tib_ant_r.F      	0.17434808	0.17494062	0.00074741851	
N1.hamstrings_l.F   	0.18396659	0.18471512	0.0013940508	
N1.glut_max_l.F     	-0.12307473	-0.12253907	0.00089221136	
N1.iliopsoas_l.F    	0.24955512	0.24898468	0.00068015896	
N1.vasti_l.F        	1.1190271	1.1210542	0.0018170478	
N1.gastroc_l.F      	0.10785858	0.10811661	0.00065577133	
N1.soleus_l.F       	0.44941133	0.44887369	0.0011400922	
N1.tib_ant_l.F      	0.064171307	0.061455427	0.0014163715	
N1.pelvis_tilt.DP   	-0.12965077	-0.12895765	0.000808093	
N1.pelvis_tilt.DV   	-0.13340162	-0.13306851	0.00067118109	
hamstrings.N0_r     	-0.29558697	-0.29536102	0.00084421144	
hamstrings.N1_r     	-1.6115663	-1.6115579	0.0010031492	
hamstrings.N0_l     	-0.87456902	-0.87438443	0.0011333082	
hamstrings.N1_l     	-0.22826694	-0.22759186	0.00080544056	
hamstrings.L        	0.19943424	0.20007085	0.0009854324	
hamstrings.F        	1.7291804	1.7266246	0.0014078492	
glut_max.N0_r       	-0.38800731	-0.38768311	0.0010815085	
glut_max.N1_r       	-0.032206803	-0.033098613	0.00061676392	
glut_max.N0_l       	-0.18046978	-0.17954032	0.00083595689	
glut_max.N1_l       	-0.024555291	-0.024978945	0.00072912944	
glut_max.L          	0.0044678912	0.0035712576	0.00064336504	
glut_max.F          	1.4686859	1.4686329	0.0021503806	
iliopsoas.N0_r      	1.3044196	1.3040569	0.0011823437	
iliopsoas.N1_r      	0.44335832	0.44310933	0.00070731541	
iliopsoas.N0_l      	0.24938325	0.24945974	0.00079652713	
iliopsoas.N1_l      	-1.485697	-1.4859922	0.00097707146	
iliopsoas.L         	0.90093125	0.90135878	0.00083755336	
iliopsoas.F         	0.66998916	0.67103414	0.00067398239	
vasti.N0_r          	-1.0484271	-1.0488983	0.0010501952	
vasti.N1_r          	-0.20107767	-0.20148507	0.00077190506	
vasti.N0_l          	0.078542104	0.08000953	0.0016956774	
vasti.N1_l          	0.059286348	0.059408746	0.000648204	
vasti.L             	0.014783388	0.015147294	0.00088353263	
vasti.F             	1.1351548	1.1352576	0.00077618876	
gastroc.N0_r        	-0.0014693807	-0.00071831846	0.00073277763	
gastroc.N1_r        	-1.7269531	-1.7262921	0.0013728332	
gastroc.N0_l        	-0.92710993	-0.9268083	0.00084029434	
gastroc.N1_l        	-0.0025880896	-0.002653125	0.00033632389	
gastroc.L           	-0.033459269	-0.034833637	0.0007871195	
gastroc.F           	1.2934566	1.2937656	0.00042914405	
soleus.N0_r         	0.0016561625	0.0016506778	0.00046752353	
soleus.N1_r         	-0.77436233	-0.77443341	0.0010357278	
soleus.N0_l         	-1.1457504	-1.1477443	0.0010444079	
soleus.N1_l         	-0.00081246121	-0.0006678491	0.00027176096	
soleus.L            	0.00048951761	0.00095948358	0.00068274365	
soleus.F            	1.1082301	1.1079261	0.00054071185	
tib_ant.N0_r        	-1.167111	-1.1671776	0.00087594906	
tib_ant.N1_r        	0.06985054	0.069912347	0.00057812521	
tib_ant.N0_l        	-0.024810294	-0.024317653	0.00054959997	
tib_ant.N1_l        	-0.018620046	-0.017695985	0.00056944501	
tib_ant.L           	0.031576344	0.033020398	0.00060195983	
tib_ant.F           	0.91069056	0.9113946	0.0008482708	
