pelvis_tilt.offset  	-0.091135382	-0.091115374	1.8258128e-05	
hip_flexion_r.offset	-0.10461425	-0.10460902	8.8190887e-06	
knee_angle_r.offset 	0.11875089	0.11871497	5.8476566e-05	
ankle_angle_r.offset	-0.013231061	-0.013356901	3.9389694e-05	
hip_flexion_l.offset	-0.017502406	-0.017498202	2.4578003e-05	
knee_angle_l.offset 	0.29496902	0.29503044	5.3421169e-05	
ankle_angle_l.offset	-0.069142291	-0.069148929	4.8112544e-06	
hamstrings.F        	1.0010175	1.0011322	0.00017229765	
glut_max.F          	1.442026	1.4424528	0.00032464919	
iliopsoas.F         	-0.034943052	-0.034906506	9.4329186e-05	
vasti.F             	-0.38141503	-0.38133139	8.7297553e-05	
gastroc.F           	-1.2675333	-1.2670374	0.00043053504	
soleus.F            	0.018440512	0.0183982	8.73564e-05	
tib_ant.F           	0.30216763	0.30202021	0.00019115441	
hamstrings.L        	0.7716105	0.77169547	0.00017402912	
glut_max.L          	-0.32736032	-0.32738297	3.2763068e-05	
iliopsoas.L         	2.5149706	2.515032	0.00030504234	
vasti.L             	-0.10914621	-0.10914737	1.9709384e-06	
gastroc.L           	-0.088089671	-0.088092685	3.6798536e-06	
soleus.L            	1.3608686	1.3611562	0.00013871239	
tib_ant.L           	1.1881992	1.1882426	0.00019430608	
hamstrings.iliopsoas.F	0.14531725	0.14530053	3.0470819e-05	
hamstrings.vasti.F  	1.0343841	1.0342226	0.00035497972	
glut_max.iliopsoas.F	-0.44235411	-0.44228496	9.1053442e-05	
iliopsoas.hamstrings.F	-0.078545492	-0.078742253	0.00010925554	
iliopsoas.glut_max.F	-1.2304423	-1.2303516	0.00036176348	
vasti.hamstrings.F  	-0.12856635	-0.12847574	5.1841698e-05	
vasti.gastroc.F     	-0.87006158	-0.87017592	0.00010983559	
gastroc.vasti.F     	0.071629023	0.070750337	0.00041889675	
gastroc.tib_ant.F   	-0.37500968	-0.37507195	4.2451073e-05	
soleus.tib_ant.F    	-1.0570256	-1.0569982	0.00025312526	
tib_ant.gastroc.F   	-0.14943314	-0.14935767	5.9540568e-05	
tib_ant.soleus.F    	-0.61528076	-0.61512923	0.00019548242	
hamstrings.iliopsoas.L	-0.31322094	-0.31333764	0.00010065979	
hamstrings.vasti.L  	-1.8045202	-1.8043135	0.00024158145	
glut_max.iliopsoas.L	-1.3863022	-1.3862794	0.00025466388	
iliopsoas.hamstrings.L	-1.7419512	-1.7421198	0.00021301306	
iliopsoas.glut_max.L	-0.30016491	-0.30010424	1.9711119e-05	
vasti.hamstrings.L  	0.50138233	0.50134486	6.2287746e-05	
vasti.gastroc.L     	-0.39486916	-0.39484601	8.5703335e-05	
gastroc.vasti.L     	-0.3811591	-0.38106925	0.00012103716	
gastroc.tib_ant.L   	-11.364247	-11.363098	0.0015415716	
soleus.tib_ant.L    	-0.077114351	-0.077117127	4.8470835e-06	
tib_ant.gastroc.L   	-0.12239788	-0.12239111	9.46067e-06	
tib_ant.soleus.L    	-0.00351257	-0.0035122644	1.4787202e-05	
