hamstrings.hamstrings_l.L	0.85259408	0.81156511	0.070466193	
hamstrings.glut_max_l.L	-1.0970219	-1.0364216	0.070615184	
hamstrings.iliopsoas_l.L	-0.2663034	-0.23987972	0.070186839	
hamstrings.vasti_l.L	0.61732879	0.57024807	0.070265001	
hamstrings.gastroc_l.L	-0.82606195	-0.86713867	0.07070495	
hamstrings.soleus_l.L	-0.58880629	-0.62156607	0.070478631	
hamstrings.tib_ant_l.L	1.1674122	1.2132958	0.070588249	
hamstrings.hamstrings_r.L	-0.26362947	-0.38204258	0.06985562	
hamstrings.glut_max_r.L	0.39959268	0.38689583	0.070717965	
hamstrings.iliopsoas_r.L	0.36648997	0.30630431	0.070149803	
hamstrings.vasti_r.L	0.10196012	0.15319011	0.070090128	
hamstrings.gastroc_r.L	-1.0090072	-1.0123568	0.07047635	
hamstrings.soleus_r.L	0.48198674	0.44161309	0.070963006	
hamstrings.tib_ant_r.L	-0.96787936	-0.99880122	0.071208054	
hamstrings.hamstrings_l.F	0.24072606	0.30304926	0.070078811	
hamstrings.glut_max_l.F	-0.45521812	-0.30714638	0.070185289	
hamstrings.iliopsoas_l.F	0.2622772	0.28802333	0.070448724	
hamstrings.vasti_l.F	0.52438997	0.56772613	0.07044116	
hamstrings.gastroc_l.F	-0.14062038	-0.21039044	0.070299746	
hamstrings.soleus_l.F	1.8665953	1.8856739	0.070795284	
hamstrings.tib_ant_l.F	-0.30569778	-0.22928471	0.070699323	
hamstrings.hamstrings_r.F	0.24512762	0.25947293	0.070236871	
hamstrings.glut_max_r.F	-0.62850571	-0.63801722	0.070216913	
hamstrings.iliopsoas_r.F	-0.013783132	-0.026266831	0.070000563	
hamstrings.vasti_r.F	-0.47637	-0.48459764	0.070217211	
hamstrings.gastroc_r.F	0.67948111	0.66241024	0.070126984	
hamstrings.soleus_r.F	-0.66774837	-0.665977	0.070401411	
hamstrings.tib_ant_r.F	0.15712616	0.051306381	0.070039005	
glut_max.hamstrings_l.L	-0.42441215	-0.48210715	0.069982879	
glut_max.glut_max_l.L	0.26229625	0.17620735	0.070002872	
glut_max.iliopsoas_l.L	-0.6769048	-0.69681751	0.070311282	
glut_max.vasti_l.L  	-0.64823029	-0.7239787	0.070280345	
glut_max.gastroc_l.L	-0.59095703	-0.70710733	0.070402787	
glut_max.soleus_l.L 	0.70220205	0.67055612	0.070448096	
glut_max.tib_ant_l.L	-0.084107649	0.086507459	0.070000586	
glut_max.hamstrings_r.L	0.2458543	0.18686737	0.070009428	
glut_max.glut_max_r.L	-0.38470935	-0.42986678	0.070575137	
glut_max.iliopsoas_r.L	-0.69107871	-0.81109451	0.070083657	
glut_max.vasti_r.L  	-0.064285825	-0.084362224	0.070609254	
glut_max.gastroc_r.L	0.31476617	0.22819146	0.070057412	
glut_max.soleus_r.L 	0.13048569	0.075144799	0.070185405	
glut_max.tib_ant_r.L	-0.33321818	-0.24073351	0.069911148	
glut_max.hamstrings_l.F	0.29067945	0.20557831	0.070027209	
glut_max.glut_max_l.F	-0.1316442	-0.061603125	0.070587894	
glut_max.iliopsoas_l.F	0.2344402	0.37969204	0.070337524	
glut_max.vasti_l.F  	0.76631426	0.71823556	0.070452303	
glut_max.gastroc_l.F	-0.17131544	-0.19698924	0.070427059	
glut_max.soleus_l.F 	-0.64688647	-0.54608342	0.0700488	
glut_max.tib_ant_l.F	-1.48824	-1.4449856	0.070733681	
glut_max.hamstrings_r.F	-1.3882369	-1.3263778	0.070743624	
glut_max.glut_max_r.F	0.41934301	0.33918397	0.070159907	
glut_max.iliopsoas_r.F	-0.87858729	-0.90201624	0.070292419	
glut_max.vasti_r.F  	0.69385616	0.69792726	0.070499701	
glut_max.gastroc_r.F	-0.30405422	-0.3490405	0.070109357	
glut_max.soleus_r.F 	0.34659622	0.30721884	0.070792904	
glut_max.tib_ant_r.F	0.66813017	0.55466729	0.070266182	
iliopsoas.hamstrings_l.L	-0.52661713	-0.57017221	0.070019646	
iliopsoas.glut_max_l.L	0.31085811	0.20862589	0.070171927	
iliopsoas.iliopsoas_l.L	0.33737802	0.28233559	0.069940326	
iliopsoas.vasti_l.L 	-0.043341021	-0.0005228108	0.069918162	
iliopsoas.gastroc_l.L	-0.36297634	-0.3767805	0.070152975	
iliopsoas.soleus_l.L	-0.44171078	-0.45406453	0.069981633	
iliopsoas.tib_ant_l.L	-0.37400603	-0.37832011	0.070231113	
iliopsoas.hamstrings_r.L	0.15040277	0.25051908	0.069870564	
iliopsoas.glut_max_r.L	-0.67003958	-0.69429656	0.070138091	
iliopsoas.iliopsoas_r.L	-0.48929328	-0.60257953	0.070123	
iliopsoas.vasti_r.L 	-0.40965161	-0.45648304	0.070289823	
iliopsoas.gastroc_r.L	1.4798569	1.5255704	0.070393969	
iliopsoas.soleus_r.L	0.02012924	0.0073456292	0.069925303	
iliopsoas.tib_ant_r.L	0.080110978	0.18099188	0.070055706	
iliopsoas.hamstrings_l.F	0.17359496	0.3327566	0.070192477	
iliopsoas.glut_max_l.F	0.68979338	0.72993168	0.070492278	
iliopsoas.iliopsoas_l.F	1.0319905	1.0444281	0.070332354	
iliopsoas.vasti_l.F 	0.44538139	0.41982109	0.070203284	
iliopsoas.gastroc_l.F	0.38302355	0.32563918	0.069878035	
iliopsoas.soleus_l.F	0.59680752	0.60925293	0.070195313	
iliopsoas.tib_ant_l.F	-6.8341223e-05	-0.084689325	0.070608157	
iliopsoas.hamstrings_r.F	0.30677433	0.37148645	0.070224652	
iliopsoas.glut_max_r.F	0.25787981	0.24179016	0.07053301	
iliopsoas.iliopsoas_r.F	-0.56080652	-0.55899554	0.070390822	
iliopsoas.vasti_r.F 	1.1079048	1.1150014	0.070355504	
iliopsoas.gastroc_r.F	0.60017304	0.4227592	0.070564987	
iliopsoas.soleus_r.F	0.43966833	0.43247322	0.070186718	
iliopsoas.tib_ant_r.F	-0.24392238	-0.17616335	0.070218724	
vasti.hamstrings_l.L	0.07171322	0.089709966	0.070059681	
vasti.glut_max_l.L  	0.067255105	0.021518919	0.070341641	
vasti.iliopsoas_l.L 	-0.42468922	-0.34178177	0.070088823	
vasti.vasti_l.L     	-0.031777485	-0.10647743	0.070188374	
vasti.gastroc_l.L   	-0.27266554	-0.30455682	0.070099251	
vasti.soleus_l.L    	-0.67340034	-0.66223074	0.070498514	
vasti.tib_ant_l.L   	-0.92969418	-0.91970746	0.070347665	
vasti.hamstrings_r.L	-0.70535927	-0.72053268	0.070205733	
vasti.glut_max_r.L  	0.72563909	0.68377005	0.070621456	
vasti.iliopsoas_r.L 	0.2698414	0.25669708	0.070332255	
vasti.vasti_r.L     	0.76661081	0.71179508	0.070515351	
vasti.gastroc_r.L   	0.0095666919	0.12705156	0.069925581	
vasti.soleus_r.L    	0.3898817	0.30817822	0.070048769	
vasti.tib_ant_r.L   	0.85268662	0.81299001	0.070524785	
vasti.hamstrings_l.F	-0.92236959	-0.8965466	0.070623697	
vasti.glut_max_l.F  	0.76298403	0.71551615	0.070119752	
vasti.iliopsoas_l.F 	0.32228501	0.21440339	0.070163958	
vasti.vasti_l.F     	0.93012032	0.96121113	0.070730602	
vasti.gastroc_l.F   	-0.6060292	-0.49038977	0.070063757	
vasti.soleus_l.F    	-0.053427814	-0.019958233	0.070307934	
vasti.tib_ant_l.F   	0.93391915	0.90276305	0.070054208	
vasti.hamstrings_r.F	0.0037036819	-0.034302018	0.070071788	
vasti.glut_max_r.F  	0.40251359	0.53283901	0.070189392	
vasti.iliopsoas_r.F 	-0.3737137	-0.34692047	0.070087701	
vasti.vasti_r.F     	-0.72005014	-0.57390991	0.070329557	
vasti.gastroc_r.F   	0.19602602	0.12565436	0.06994184	
vasti.soleus_r.F    	0.25597715	0.13058422	0.070221718	
vasti.tib_ant_r.F   	1.0904182	1.0998478	0.070513319	
gastroc.hamstrings_l.L	-0.70081177	-0.77776746	0.070081967	
gastroc.glut_max_l.L	0.2317508	0.21396784	0.070080275	
gastroc.iliopsoas_l.L	0.051685642	0.073518193	0.069915791	
gastroc.vasti_l.L   	-0.90057545	-0.88398641	0.070268738	
gastroc.gastroc_l.L 	0.38986905	0.44622437	0.070110303	
gastroc.soleus_l.L  	-0.39761454	-0.47443511	0.070174137	
gastroc.tib_ant_l.L 	-0.85901433	-0.68074357	0.070185437	
gastroc.hamstrings_r.L	0.30793882	0.2305799	0.070339519	
gastroc.glut_max_r.L	0.95300608	0.93795989	0.070104321	
gastroc.iliopsoas_r.L	0.64167993	0.62367488	0.07028545	
gastroc.vasti_r.L   	0.68622513	0.59875794	0.069880107	
gastroc.gastroc_r.L 	-0.2784164	-0.18576484	0.070422248	
gastroc.soleus_r.L  	-0.21811694	-0.23716866	0.069923711	
gastroc.tib_ant_r.L 	0.1998995	0.20593192	0.069916804	
gastroc.hamstrings_l.F	0.036016201	0.043869086	0.070839802	
gastroc.glut_max_l.F	0.16883054	0.04238358	0.070493441	
gastroc.iliopsoas_l.F	0.41447427	0.42807212	0.070102838	
gastroc.vasti_l.F   	-0.27779491	-0.24302173	0.070464432	
gastroc.gastroc_l.F 	0.88417444	0.93029649	0.071002694	
gastroc.soleus_l.F  	-0.67383672	-0.58927555	0.070111306	
gastroc.tib_ant_l.F 	-0.24426068	-0.29187961	0.070263091	
gastroc.hamstrings_r.F	-0.30862085	-0.31299531	0.070296885	
gastroc.glut_max_r.F	0.7233415	0.6235337	0.070208392	
gastroc.iliopsoas_r.F	-0.67028351	-0.70044955	0.070900901	
gastroc.vasti_r.F   	0.19295613	0.1705431	0.069972871	
gastroc.gastroc_r.F 	0.17253959	0.28713024	0.07005382	
gastroc.soleus_r.F  	-0.95103969	-0.88610653	0.070171934	
gastroc.tib_ant_r.F 	0.34945379	0.33950371	0.069962982	
soleus.hamstrings_l.L	0.58733745	0.48682273	0.070148665	
soleus.glut_max_l.L 	0.3317852	0.33331978	0.070302523	
soleus.iliopsoas_l.L	-0.56574692	-0.45198017	0.070458066	
soleus.vasti_l.L    	0.080654395	0.030325378	0.07000753	
soleus.gastroc_l.L  	-0.28164189	-0.31715768	0.070341917	
soleus.soleus_l.L   	-0.96244976	-0.98141197	0.070239479	
soleus.tib_ant_l.L  	0.49563344	0.40188112	0.070019476	
soleus.hamstrings_r.L	-1.0037294	-0.90934138	0.070525811	
soleus.glut_max_r.L 	-0.80298679	-0.82910266	0.070233333	
soleus.iliopsoas_r.L	0.21274422	0.1325658	0.070290015	
soleus.vasti_r.L    	-0.072239098	-0.079527327	0.069988457	
soleus.gastroc_r.L  	0.24426495	0.096320948	0.070017967	
soleus.soleus_r.L   	-0.47048502	-0.50800033	0.07037796	
soleus.tib_ant_r.L  	0.24360465	0.16916912	0.070280359	
soleus.hamstrings_l.F	-1.1652268	-1.1059765	0.070396226	
soleus.glut_max_l.F 	-1.7000987	-1.7791863	0.070770458	
soleus.iliopsoas_l.F	0.61781642	0.760578	0.070504882	
soleus.vasti_l.F    	-1.0186526	-0.96473049	0.070352648	
soleus.gastroc_l.F  	-1.0141624	-1.0020992	0.070575746	
soleus.soleus_l.F   	0.084717284	0.071594856	0.070271976	
soleus.tib_ant_l.F  	-0.80918283	-0.81901825	0.070486034	
soleus.hamstrings_r.F	-0.31226003	-0.31675092	0.070155276	
soleus.glut_max_r.F 	-0.17041498	-0.096338809	0.070184979	
soleus.iliopsoas_r.F	0.15567943	0.14003934	0.069919565	
soleus.vasti_r.F    	-0.735685	-0.73892158	0.070600895	
soleus.gastroc_r.F  	-0.21311938	-0.27497981	0.070183046	
soleus.soleus_r.F   	-0.29417799	-0.28723232	0.070714722	
soleus.tib_ant_r.F  	-0.53712663	-0.51106533	0.070101848	
tib_ant.hamstrings_l.L	0.74376687	0.87231835	0.070305922	
tib_ant.glut_max_l.L	-0.35080203	-0.2398155	0.070065341	
tib_ant.iliopsoas_l.L	-0.56167517	-0.58631087	0.070186091	
tib_ant.vasti_l.L   	-0.49409739	-0.49932405	0.069989215	
tib_ant.gastroc_l.L 	0.50002605	0.38443679	0.070093633	
tib_ant.soleus_l.L  	0.54390212	0.64916643	0.071735076	
tib_ant.tib_ant_l.L 	-0.37977306	-0.450235	0.070262554	
tib_ant.hamstrings_r.L	0.59330164	0.575258	0.07052903	
tib_ant.glut_max_r.L	-0.12298521	-0.11458482	0.070087244	
tib_ant.iliopsoas_r.L	-0.42171094	-0.43950524	0.070325138	
tib_ant.vasti_r.L   	-1.5277217	-1.4699592	0.070824809	
tib_ant.gastroc_r.L 	-1.0002578	-0.99080879	0.071388115	
tib_ant.soleus_r.L  	-0.92921657	-0.85446314	0.070637518	
tib_ant.tib_ant_r.L 	0.11880275	0.048828667	0.070304084	
tib_ant.hamstrings_l.F	-1.1561076	-1.1683058	0.07048666	
tib_ant.glut_max_l.F	-0.44808424	-0.42970898	0.07018326	
tib_ant.iliopsoas_l.F	0.44916942	0.49112704	0.070198908	
tib_ant.vasti_l.F   	-0.40936387	-0.40144193	0.070296628	
tib_ant.gastroc_l.F 	0.66699849	0.5842609	0.070420024	
tib_ant.soleus_l.F  	-0.055532725	0.02072035	0.070150648	
tib_ant.tib_ant_l.F 	0.58871724	0.55059158	0.070521327	
tib_ant.hamstrings_r.F	0.35529768	0.26939013	0.070053958	
tib_ant.glut_max_r.F	-0.79281429	-0.81721724	0.070359052	
tib_ant.iliopsoas_r.F	0.7613738	0.77062298	0.070636549	
tib_ant.vasti_r.F   	0.85954324	0.73494585	0.071019713	
tib_ant.gastroc_r.F 	-0.3269261	-0.24377777	0.070497747	
tib_ant.soleus_r.F  	-1.1478835	-1.1099126	0.070830059	
tib_ant.tib_ant_r.F 	-0.40751531	-0.27037793	0.070352993	
