pelvis_tilt.offset              	0.060732365	0.060737995	1.0513768e-05	
hip_flexion_r.offset            	0.020288996	0.020284963	1.4448052e-05	
knee_angle_r.offset             	-0.086081585	-0.086066056	1.6906192e-05	
ankle_angle_r.offset            	0.03983043	0.039832388	1.4520284e-05	
hip_flexion_l.offset            	-0.024852682	-0.024848234	1.4378056e-05	
knee_angle_l.offset             	-0.08334745	-0.083344383	1.4999787e-05	
ankle_angle_l.offset            	-0.031744598	-0.031752339	1.6222953e-05	
stance_load_threshold           	0.077322012	0.077317795	1.650967e-05	
S11111.tib_ant.KL               	0.7607888	0.76095039	0.0001709343	
S11111.tib_ant.L0               	0.74298975	0.74294681	5.0791434e-05	
S11111.tib_ant-soleus.KF        	-0.21032297	-0.21033445	4.1165316e-05	
S00111.soleus.KF                	0.95979154	0.95980611	8.3376583e-05	
S00111.gastroc.KF               	1.2394694	1.2395275	0.00010726507	
S00011.vasti.KF                 	1.0433608	1.0433929	0.00011170918	
S00011.vasti.C0                 	0.051786245	0.051789574	1.2889974e-05	
S00011.vasti-knee_angle.KP      	2.8567365	2.8566156	0.00033960574	
S00011.hamstrings-pelvis_tilt.KP	0.78706287	0.78708969	0.00023045236	
S00011.hamstrings-pelvis_tilt.KV	0.3778872	0.37787931	4.9315052e-05	
S00011.hamstrings-pelvis_tilt.C0	0.012853036	0.019757199	7.0160029e-06	
S00011.glut_max-pelvis_tilt.KP  	0.16957718	0.16955552	0.00027943153	
S00011.glut_max-pelvis_tilt.KV  	0.26784054	0.26788604	3.4752802e-05	
S00011.glut_max-pelvis_tilt.C0  	0.072478109	0.072464925	9.8667892e-06	
S00011.iliopsoas-pelvis_tilt.KP 	-2.1232047	-2.1232209	0.00032202985	
S00011.iliopsoas-pelvis_tilt.KV 	-0.62639331	-0.62639572	4.0834099e-05	
S00011.iliopsoas-pelvis_tilt.C0 	0.065000189	0.064999961	8.9764529e-06	
S00100.iliopsoas.C0             	0.30788681	0.30789965	4.3864184e-05	
S00100.glut_max.C0              	0.0926449	0.09263974	5.2476274e-05	
S11000.iliopsoas.KL             	0.45840539	0.45837726	5.2677244e-05	
S11000.iliopsoas.L0             	0.31369548	0.31355327	7.661406e-05	
S11000.iliopsoas-pelvis_tilt.P0 	-0.13362716	-0.1336377	1.5534802e-05	
S11000.iliopsoas-pelvis_tilt.KP 	0.96093697	0.96098054	0.00016256303	
S11000.iliopsoas-pelvis_tilt.KV 	0.15399929	0.15398161	4.6204095e-05	
S11000.iliopsoas-hamstrings.KL  	-1.1329434	-1.1328569	0.00075810376	
S11000.iliopsoas-hamstrings.L0  	0.74658981	0.74647804	6.8305754e-05	
S11000.hamstrings.KF            	0.11756014	0.11753714	0.00012149924	
S11000.glut_max.KF              	0.42193424	0.42185282	6.3479339e-05	
