S00001.hamstrings.C0               	0.17	0.17	0.017
S00001.bifemsh.C0                  	0.06	0.06	0.006
S00001.glut_max.C0                 	0.77	0.77	0.077
S00001.iliopsoas.C0                	0.04	0.04	0.004
S00001.rect_fem.C0                 	0.01	0.01	0.001
S00001.vasti.C0                    	0.05	0.05	0.005
S00001.gastroc.C0                  	0.01	0.01	0.001
S00001.soleus.C0                   	0.04	0.04	0.004
S00001.tib_ant.C0                  	0.15	0.15	0.015
S00001.ercspn.C0                   	0.06	0.06	0.006
S00001.intobl.C0                   	0.1	0.1	0.01
S00010.hamstrings.C0               	0.59	0.59	0.059
S00010.bifemsh.C0                  	0.03	0.03	0.003
S00010.glut_max.C0                 	0.03	0.03	0.003
S00010.iliopsoas.C0                	0.42	0.42	0.042
S00010.rect_fem.C0                 	0.01	0.01	0.001
S00010.vasti.C0                    	0.02	0.02	0.002
S00010.gastroc.C0                  	0.23	0.23	0.023
S00010.soleus.C0                   	0.74	0.74	0.074
S00010.tib_ant.C0                  	0.06	0.06	0.006
S00010.ercspn.C0                   	0.02	0.02	0.002
S00010.intobl.C0                   	0.03	0.03	0.003
S00100.hamstrings.C0               	0.49	0.49	0.049
S00100.bifemsh.C0                  	0.29	0.29	0.029
S00100.glut_max.C0                 	0.05	0.05	0.005
S00100.iliopsoas.C0                	0.11	0.11	0.011
S00100.rect_fem.C0                 	0.05	0.05	0.005
S00100.vasti.C0                    	0.03	0.03	0.003
S00100.gastroc.C0                  	0.01	0.01	0.001
S00100.soleus.C0                   	0.01	0.01	0.001
S00100.tib_ant.C0                  	0.03	0.03	0.003
S00100.ercspn.C0                   	0.27	0.27	0.027
S00100.intobl.C0                   	0.94	0.94	0.094
S01000.hamstrings.C0               	0.01	0.01	0.001
S01000.bifemsh.C0                  	0.08	0.08	0.008
S01000.glut_max.C0                 	0.06	0.06	0.006
S01000.iliopsoas.C0                	0.12	0.12	0.012
S01000.rect_fem.C0                 	0.01	0.01	0.001
S01000.vasti.C0                    	0.01	0.01	0.001
S01000.gastroc.C0                  	0.02	0.02	0.002
S01000.soleus.C0                   	0.02	0.02	0.002
S01000.tib_ant.C0                  	0.26	0.26	0.026
S01000.ercspn.C0                   	0.02	0.02	0.002
S01000.intobl.C0                   	0.75	0.75	0.075
S10000.hamstrings.C0               	0.16	0.16	0.016
S10000.bifemsh.C0                  	0.14	0.14	0.014
S10000.glut_max.C0                 	0.05	0.05	0.005
S10000.iliopsoas.C0                	0.01	0.01	0.001
S10000.rect_fem.C0                 	0.39	0.39	0.039
S10000.vasti.C0                    	0.16	0.16	0.016
S10000.gastroc.C0                  	0.05	0.05	0.005
S10000.soleus.C0                   	0.02	0.02	0.002
S10000.tib_ant.C0                  	0.51	0.51	0.051
S10000.ercspn.C0                   	0.1	0.1	0.01
S10000.intobl.C0                   	0.04	0.04	0.004
