S00001.hamstrings.C0               	0.11	0.11	0.011
S00001.bifemsh.C0                  	0.04	0.04	0.004
S00001.glut_max.C0                 	0.75	0.75	0.075
S00001.iliopsoas.C0                	0.05	0.05	0.005
S00001.rect_fem.C0                 	0.01	0.01	0.001
S00001.vasti.C0                    	0.04	0.04	0.004
S00001.gastroc.C0                  	0.02	0.02	0.002
S00001.soleus.C0                   	0.03	0.03	0.003
S00001.tib_ant.C0                  	0.29	0.29	0.029
S00001.ercspn.C0                   	0.06	0.06	0.006
S00001.intobl.C0                   	0.13	0.13	0.013
S00010.hamstrings.C0               	0.71	0.71	0.071
S00010.bifemsh.C0                  	0.08	0.08	0.008
S00010.glut_max.C0                 	0.03	0.03	0.003
S00010.iliopsoas.C0                	0.77	0.77	0.077
S00010.rect_fem.C0                 	0.01	0.01	0.001
S00010.vasti.C0                    	0.01	0.01	0.001
S00010.gastroc.C0                  	0.41	0.41	0.041
S00010.soleus.C0                   	0.79	0.79	0.079
S00010.tib_ant.C0                  	0.06	0.06	0.006
S00010.ercspn.C0                   	0.01	0.01	0.001
S00010.intobl.C0                   	0.02	0.02	0.002
S00100.hamstrings.C0               	0.42	0.42	0.042
S00100.bifemsh.C0                  	0.34	0.34	0.034
S00100.glut_max.C0                 	0.04	0.04	0.004
S00100.iliopsoas.C0                	0.1	0.1	0.01
S00100.rect_fem.C0                 	0.04	0.04	0.004
S00100.vasti.C0                    	0.03	0.03	0.003
S00100.gastroc.C0                  	0.01	0.01	0.001
S00100.soleus.C0                   	0.02	0.02	0.002
S00100.tib_ant.C0                  	0.05	0.05	0.005
S00100.ercspn.C0                   	0.21	0.21	0.021
S00100.intobl.C0                   	0.62	0.62	0.062
S01000.hamstrings.C0               	0.01	0.01	0.001
S01000.bifemsh.C0                  	0.1	0.1	0.01
S01000.glut_max.C0                 	0.03	0.03	0.003
S01000.iliopsoas.C0                	0.29	0.29	0.029
S01000.rect_fem.C0                 	0.01	0.01	0.001
S01000.vasti.C0                    	0.01	0.01	0.001
S01000.gastroc.C0                  	0.02	0.02	0.002
S01000.soleus.C0                   	0.01	0.01	0.001
S01000.tib_ant.C0                  	0.34	0.34	0.034
S01000.ercspn.C0                   	0.03	0.03	0.003
S01000.intobl.C0                   	0.72	0.72	0.072
S10000.hamstrings.C0               	0.2	0.2	0.02
S10000.bifemsh.C0                  	0.11	0.11	0.011
S10000.glut_max.C0                 	0.22	0.22	0.022
S10000.iliopsoas.C0                	0.01	0.01	0.001
S10000.rect_fem.C0                 	0.33	0.33	0.033
S10000.vasti.C0                    	0.19	0.19	0.019
S10000.gastroc.C0                  	0.04	0.04	0.004
S10000.soleus.C0                   	0.02	0.02	0.002
S10000.tib_ant.C0                  	0.32	0.32	0.032
S10000.ercspn.C0                   	0.08	0.08	0.008
S10000.intobl.C0                   	0.08	0.08	0.008
