pelvis_tilt.offset              	-0.038416085	-0.037959834	0.00097628489	
hip_flexion_r.offset            	0.14132337	0.14229218	0.0011633434	
knee_angle_r.offset             	0.04135688	0.042025338	0.0010274309	
ankle_angle_r.offset            	0.067174787	0.06658042	0.0010805701	
hip_flexion_l.offset            	0.0064120943	0.006863391	0.0010405762	
knee_angle_l.offset             	0.05837983	0.057027428	0.00099841786	
ankle_angle_l.offset            	-0.015360346	-0.015794367	0.001095013	
stance_load_threshold           	0.16923242	0.16744393	0.0010159334	
S11111.tib_ant.KL               	1.6957072	1.6925423	0.01160519	
S11111.tib_ant.L0               	0.80848489	0.8072947	0.0030524487	
S11111.tib_ant-soleus.KF        	-0.25787637	-0.26026085	0.0033177881	
S00111.soleus.KF                	0.9278964	0.92183969	0.0072192527	
S00111.gastroc.KF               	1.271933	1.2705457	0.0065133867	
S00011.vasti.KF                 	1.022672	1.0121409	0.0068829003	
S00011.vasti.C0                 	0.042682872	0.043024756	0.00072644257	
S00011.vasti-knee_angle.pos_max 	-0.088375292	-0.086562298	0.0017260775	
S00011.hamstrings-pelvis_tilt.KP	0.91940775	0.9046608	0.019156113	
S00011.hamstrings-pelvis_tilt.KV	0.47440496	0.47471664	0.0025651975	
S00011.hamstrings-pelvis_tilt.C0	-0.017617599	-0.017023761	0.0010208569	
S00011.glut_max-pelvis_tilt.KP  	1.1445042	1.1597364	0.019083634	
S00011.glut_max-pelvis_tilt.KV  	0.70482607	0.70302784	0.0034930098	
S00011.glut_max-pelvis_tilt.C0  	-0.012060885	-0.012807002	0.0011861254	
S00011.iliopsoas-pelvis_tilt.KP 	-2.5549602	-2.5530531	0.022160428	
S00011.iliopsoas-pelvis_tilt.KV 	-0.70835419	-0.71141153	0.002490333	
S00011.iliopsoas-pelvis_tilt.C0 	0.19223997	0.19408531	0.0011394634	
S00100.iliopsoas.C0             	0.4698412	0.46741263	0.0032416602	
S00100.glut_max.C0              	-0.21257774	-0.21130296	0.0024403569	
S11000.iliopsoas.KL             	0.14312345	0.14066078	0.0033958574	
S11000.iliopsoas.L0             	0.18663705	0.18750082	0.0062418423	
S11000.iliopsoas-pelvis_tilt.P0 	-0.12114048	-0.12093876	0.0010667541	
S11000.iliopsoas-pelvis_tilt.KP 	0.96621865	0.99028608	0.012168229	
S11000.iliopsoas-pelvis_tilt.KV 	0.2517307	0.25329295	0.0027654241	
S11000.iliopsoas-hamstrings.KL  	-0.53616705	-0.52567108	0.032747958	
S11000.iliopsoas-hamstrings.L0  	0.8508539	0.85268955	0.0053247479	
S11000.hamstrings.KF            	-0.38032966	-0.38000984	0.0069070815	
S11000.glut_max.KF              	0.45361101	0.4471019	0.0038639597	
