pelvis_tilt.offset              	0.12795193	0.12609228	0.00079941415	
hip_flexion_r.offset            	0.043752354	0.042366384	0.00090954617	
knee_angle_r.offset             	-0.10796107	-0.10904619	0.0008722268	
ankle_angle_r.offset            	-0.15428584	-0.15425174	0.00087079444	
hip_flexion_l.offset            	0.073979586	0.073018286	0.00094315919	
knee_angle_l.offset             	-0.14808477	-0.14804618	0.00089141856	
ankle_angle_l.offset            	-0.12534047	-0.12506785	0.00098847499	
stance_load_threshold           	0.11886904	0.11736565	0.00098855722	
S11111.tib_ant.KL               	3.3085676	3.3025258	0.010541397	
S11111.tib_ant.L0               	0.8720536	0.86721595	0.0036082174	
S11111.tib_ant-soleus.KF        	0.16092761	0.16007388	0.0029697962	
S00111.soleus.KF                	1.0567073	1.0559398	0.0061723292	
S00111.gastroc.KF               	1.3836629	1.3831922	0.0080646374	
S00011.vasti.KF                 	1.0254111	1.0380614	0.0074405357	
S00011.vasti.C0                 	0.050853272	0.049856491	0.00078695913	
S00011.vasti-knee_angle.pos_max 	-0.41252898	-0.4133411	0.0017352182	
S00011.hamstrings-pelvis_tilt.KP	1.0221895	1.0433855	0.016543049	
S00011.hamstrings-pelvis_tilt.KV	0.39014796	0.38611352	0.0022650935	
S00011.hamstrings-pelvis_tilt.C0	-0.04494346	-0.044644976	0.00089353724	
S00011.glut_max-pelvis_tilt.KP  	0.65717288	0.63158746	0.017567982	
S00011.glut_max-pelvis_tilt.KV  	0.69127665	0.69201925	0.0025466681	
S00011.glut_max-pelvis_tilt.C0  	0.040066703	0.040818024	0.00090265535	
S00011.iliopsoas-pelvis_tilt.KP 	-2.7191058	-2.7256357	0.02099808	
S00011.iliopsoas-pelvis_tilt.KV 	-0.70045031	-0.70112626	0.0024514502	
S00011.iliopsoas-pelvis_tilt.C0 	0.34598018	0.3460774	0.00093608504	
S00100.iliopsoas.C0             	0.61553275	0.61703899	0.0022800706	
S00100.glut_max.C0              	-0.32305811	-0.3231666	0.0021033461	
S11000.iliopsoas.KL             	0.13910001	0.13745165	0.0029940831	
S11000.iliopsoas.L0             	1.7990791	1.8044747	0.0058025745	
S11000.iliopsoas-pelvis_tilt.P0 	-0.056511945	-0.057655622	0.0009939881	
S11000.iliopsoas-pelvis_tilt.KP 	1.5256354	1.5228323	0.010172943	
S11000.iliopsoas-pelvis_tilt.KV 	0.044009182	0.042570652	0.0029945969	
S11000.iliopsoas-hamstrings.KL  	-4.8132491	-4.8290863	0.03664966	
S11000.iliopsoas-hamstrings.L0  	0.78916893	0.78409388	0.0042121213	
S11000.hamstrings.KF            	0.17262047	0.1694252	0.0055119541	
S11000.glut_max.KF              	0.42772197	0.42582959	0.0032039372	
