hamstrings.Y0 	0.0054163396	0.004620866	0.00085458463	
hamstrings.DT0	0.1998978	0.19970252	0.00035000395	
hamstrings.Y1 	0.99830683	0.99741501	0.0013951679	
glut_max.Y0   	0.0050722827	0.0062846923	0.00084790776	
glut_max.DT0  	0.33451783	0.33392828	0.0014603228	
glut_max.Y1   	0.99879348	0.99818893	0.001171873	
iliopsoas.Y0  	0.001471421	0.0012894107	0.00090089754	
iliopsoas.DT0 	0.75002523	0.74844616	0.0014161462	
iliopsoas.Y1  	0.63940983	0.64060554	0.0017085782	
vasti.Y0      	0.39501195	0.39518762	0.0012007207	
vasti.DT0     	0.21430406	0.21397237	0.00090420068	
vasti.Y1      	0.99902961	0.99841086	0.00054965442	
gastroc.Y0    	0.0068476427	0.0063517231	0.00066370638	
gastroc.DT0   	0.52445136	0.52328362	0.0016963735	
gastroc.Y1    	0.99850526	0.99949236	0.00063579624	
soleus.Y0     	0.012921373	0.013504209	0.00075644164	
soleus.DT0    	0.51215227	0.5122829	0.0018047409	
soleus.Y1     	0.99807928	0.99815805	0.00059888772	
tib_ant.Y0    	0.90425077	0.90238454	0.0021793241	
tib_ant.DT0   	0.46824827	0.47015825	0.002273048	
tib_ant.Y1    	0.0034051138	0.003798562	0.0005627602	
